,index,timestamp,open,high,low,close,volume
0,0,1694044800000,0.008493,0.008493,0.008493,0.008493,0
1,1,1694044860000,0.008493,0.008493,0.008493,0.008493,0
2,2,1694044920000,0.008493,0.008493,0.008493,0.008493,0
3,3,1694044980000,0.008493,0.008493,0.008493,0.008493,0
4,4,1694045040000,0.008493,0.008493,0.008493,0.008493,0
5,5,1694045100000,0.008493,0.008493,0.008493,0.008493,0
6,6,1694045160000,0.008493,0.008493,0.008493,0.008493,0
7,7,1694045220000,0.008493,0.008493,0.008493,0.008493,0
8,8,1694045280000,0.008493,0.008493,0.008493,0.008493,0
9,9,1694045340000,0.008493,0.008493,0.008493,0.008493,0
10,10,1694045400000,0.008493,0.008493,0.008493,0.008493,0
11,11,1694045460000,0.008493,0.008493,0.008493,0.008493,0
12,12,1694045520000,0.008493,0.008493,0.008493,0.008493,0
13,13,1694045580000,0.008493,0.008493,0.008493,0.008493,0
14,14,1694045640000,0.008493,0.008493,0.008493,0.008493,0
15,15,1694045700000,0.008493,0.008493,0.008493,0.008493,0
16,16,1694045760000,0.008493,0.008493,0.008493,0.008493,0
17,17,1694045820000,0.008493,0.008493,0.008493,0.008493,0
18,18,1694045880000,0.008493,0.008493,0.008493,0.008493,0
19,19,1694045940000,0.008493,0.008493,0.008493,0.008493,0
20,20,1694046000000,0.008493,0.008493,0.008493,0.008493,0
21,21,1694046060000,0.008493,0.008493,0.008493,0.008493,0
22,22,1694046120000,0.008493,0.008493,0.008493,0.008493,0
23,23,1694046180000,0.008493,0.008493,0.008493,0.008493,0
24,24,1694046240000,0.008493,0.008493,0.008493,0.008493,0
25,25,1694046300000,0.008493,0.008493,0.008493,0.008493,0
26,26,1694046360000,0.008493,0.008493,0.008493,0.008493,0
27,27,1694046420000,0.008493,0.008493,0.008493,0.008493,0
28,28,1694046480000,0.008493,0.008493,0.008493,0.008493,0
29,29,1694046540000,0.008493,0.008493,0.008493,0.008493,0
30,30,1694046600000,0.008493,0.008493,0.008493,0.008493,0
31,31,1694046660000,0.008493,0.008493,0.008493,0.008493,0
32,32,1694046720000,0.008493,0.008493,0.008493,0.008493,0
33,33,1694046780000,0.008493,0.008493,0.008493,0.008493,0
34,34,1694046840000,0.008493,0.008493,0.008493,0.008493,0
35,35,1694046900000,0.008493,0.008493,0.008493,0.008493,0
36,36,1694046960000,0.008493,0.008493,0.008493,0.008493,0
37,37,1694047020000,0.008493,0.008493,0.008493,0.008493,0
38,38,1694047080000,0.008493,0.008493,0.008493,0.008493,0
39,39,1694047140000,0.008493,0.008493,0.008493,0.008493,0
40,40,1694047200000,0.008493,0.008493,0.008493,0.008493,0
41,41,1694047260000,0.008493,0.008493,0.008493,0.008493,0
42,42,1694047320000,0.008493,0.008493,0.008493,0.008493,0
43,43,1694047380000,0.008493,0.008493,0.008493,0.008493,0
44,44,1694047440000,0.008493,0.008493,0.008493,0.008493,0
45,45,1694047500000,0.008493,0.008493,0.008493,0.008493,0
46,46,1694047560000,0.008493,0.008493,0.008493,0.008493,0
47,47,1694047620000,0.008493,0.008493,0.008493,0.008493,0
48,48,1694047680000,0.008493,0.008493,0.008493,0.008493,0
49,49,1694047740000,0.008493,0.008493,0.008493,0.008493,0
50,50,1694047800000,0.008493,0.008493,0.008493,0.008493,0
51,51,1694047860000,0.008493,0.008493,0.008493,0.008493,0
52,52,1694047920000,0.008493,0.008493,0.008493,0.008493,0
53,53,1694047980000,0.008493,0.008493,0.008493,0.008493,0
54,54,1694048040000,0.008493,0.008493,0.008493,0.008493,0
55,55,1694048100000,0.008493,0.008493,0.008493,0.008493,0
56,56,1694048160000,0.008493,0.008493,0.008493,0.008493,0
57,57,1694048220000,0.008493,0.008493,0.008493,0.008493,0
58,58,1694048280000,0.008493,0.008493,0.008493,0.008493,0
59,59,1694048340000,0.008493,0.008493,0.008493,0.008493,0
60,60,1694048400000,0.008493,0.008493,0.008493,0.008493,0
61,61,1694048460000,0.008493,0.008493,0.008493,0.008493,0
62,62,1694048520000,0.008493,0.008493,0.008493,0.008493,0
63,63,1694048580000,0.008493,0.008493,0.008493,0.008493,0
64,64,1694048640000,0.008493,0.008493,0.008493,0.008493,0
65,65,1694048700000,0.008493,0.008493,0.008493,0.008493,0
66,66,1694048760000,0.008493,0.008493,0.008493,0.008493,0
67,67,1694048820000,0.008493,0.008493,0.008493,0.008493,0
68,68,1694048880000,0.008493,0.008493,0.008493,0.008493,0
69,69,1694048940000,0.008493,0.008493,0.008493,0.008493,0
70,70,1694049000000,0.008493,0.008493,0.008493,0.008493,0
71,71,1694049060000,0.008493,0.008493,0.008493,0.008493,0
72,72,1694049120000,0.008493,0.008493,0.008493,0.008493,0
73,73,1694049180000,0.008493,0.008493,0.008493,0.008493,0
74,74,1694049240000,0.008493,0.008493,0.008493,0.008493,0
75,75,1694049300000,0.008493,0.008493,0.008493,0.008493,0
76,76,1694049360000,0.008493,0.008493,0.008493,0.008493,0
77,77,1694049420000,0.008493,0.008493,0.008493,0.008493,0
78,78,1694049480000,0.008493,0.008493,0.008493,0.008493,0
79,79,1694049540000,0.008493,0.008493,0.008493,0.008493,0
80,80,1694049600000,0.008493,0.008493,0.008493,0.008493,0
81,81,1694049660000,0.008493,0.008493,0.008493,0.008493,0
82,82,1694049720000,0.008493,0.008493,0.008493,0.008493,0
83,83,1694049780000,0.008493,0.008493,0.008493,0.008493,0
84,84,1694049840000,0.008493,0.008493,0.008493,0.008493,0
85,85,1694049900000,0.008493,0.008493,0.008493,0.008493,0
86,86,1694049960000,0.008493,0.008493,0.008493,0.008493,0
87,87,1694050020000,0.008493,0.008493,0.008493,0.008493,0
88,88,1694050080000,0.008493,0.008493,0.008493,0.008493,0
89,89,1694050140000,0.008493,0.008493,0.008493,0.008493,0
90,90,1694050200000,0.008493,0.008493,0.008493,0.008493,0
91,91,1694050260000,0.008493,0.008493,0.008493,0.008493,0
92,92,1694050320000,0.008493,0.008493,0.008493,0.008493,0
93,93,1694050380000,0.008493,0.008493,0.008493,0.008493,0
94,94,1694050440000,0.008493,0.008493,0.008493,0.008493,0
95,95,1694050500000,0.008493,0.008493,0.008493,0.008493,0
96,96,1694050560000,0.008493,0.008493,0.008493,0.008493,0
97,97,1694050620000,0.008493,0.008493,0.008493,0.008493,0
98,98,1694050680000,0.008493,0.008493,0.008493,0.008493,0
99,99,1694050740000,0.008493,0.008493,0.008493,0.008493,0
100,100,1694050800000,0.008493,0.008493,0.008493,0.008493,0
101,101,1694050860000,0.008493,0.008493,0.008493,0.008493,0
102,102,1694050920000,0.008493,0.008493,0.008493,0.008493,0
103,103,1694050980000,0.008493,0.008493,0.008493,0.008493,0
104,104,1694051040000,0.008493,0.008493,0.008493,0.008493,0
105,105,1694051100000,0.008493,0.008493,0.008493,0.008493,0
106,106,1694051160000,0.008493,0.008493,0.008493,0.008493,0
107,107,1694051220000,0.008493,0.008493,0.008493,0.008493,0
108,108,1694051280000,0.008493,0.008493,0.008493,0.008493,0
109,109,1694051340000,0.008493,0.008493,0.008493,0.008493,0
110,110,1694051400000,0.008493,0.008493,0.008493,0.008493,0
111,111,1694051460000,0.008493,0.008493,0.008493,0.008493,0
112,112,1694051520000,0.008493,0.008493,0.008493,0.008493,0
113,113,1694051580000,0.008493,0.008493,0.008493,0.008493,0
114,114,1694051640000,0.008493,0.008493,0.008493,0.008493,0
115,115,1694051700000,0.008493,0.008493,0.008493,0.008493,0
116,116,1694051760000,0.008493,0.008493,0.008493,0.008493,0
117,117,1694051820000,0.008493,0.008493,0.008493,0.008493,0
118,118,1694051880000,0.008493,0.008493,0.008493,0.008493,0
119,119,1694051940000,0.008493,0.008493,0.008493,0.008493,0
120,120,1694052000000,0.008493,0.008493,0.008493,0.008493,0
121,121,1694052060000,0.008493,0.008493,0.008493,0.008493,0
122,122,1694052120000,0.008493,0.008493,0.008493,0.008493,0
123,123,1694052180000,0.008493,0.008493,0.008493,0.008493,0
124,124,1694052240000,0.008493,0.008493,0.008493,0.008493,0
125,125,1694052300000,0.008493,0.008493,0.008493,0.008493,0
126,126,1694052360000,0.008493,0.008493,0.008493,0.008493,0
127,127,1694052420000,0.008493,0.008493,0.008493,0.008493,0
128,128,1694052480000,0.008493,0.008493,0.008493,0.008493,0
129,129,1694052540000,0.008493,0.008493,0.008493,0.008493,0
130,130,1694052600000,0.008493,0.008493,0.008493,0.008493,0
131,131,1694052660000,0.008493,0.008493,0.008493,0.008493,0
132,132,1694052720000,0.008493,0.008493,0.008493,0.008493,0
133,133,1694052780000,0.008493,0.008493,0.008493,0.008493,0
134,134,1694052840000,0.008493,0.008493,0.008493,0.008493,0
135,135,1694052900000,0.008493,0.008493,0.008493,0.008493,0
136,136,1694052960000,0.008493,0.008493,0.008493,0.008493,0
137,137,1694053020000,0.008493,0.008493,0.008493,0.008493,0
138,138,1694053080000,0.008493,0.008493,0.008493,0.008493,0
139,139,1694053140000,0.008493,0.008493,0.008493,0.008493,0
140,140,1694053200000,0.008493,0.008493,0.008493,0.008493,0
141,141,1694053260000,0.008493,0.008493,0.008493,0.008493,0
142,142,1694053320000,0.008493,0.008493,0.008493,0.008493,0
143,143,1694053380000,0.008493,0.008493,0.008493,0.008493,0
144,144,1694053440000,0.008493,0.008493,0.008493,0.008493,0
145,145,1694053500000,0.008493,0.008493,0.008493,0.008493,0
146,146,1694053560000,0.008493,0.008493,0.008493,0.008493,0
147,147,1694053620000,0.008493,0.008493,0.008493,0.008493,0
148,148,1694053680000,0.008493,0.008493,0.008493,0.008493,0
149,149,1694053740000,0.008493,0.008493,0.008493,0.008493,0
150,150,1694053800000,0.008493,0.008493,0.008493,0.008493,0
151,151,1694053860000,0.008493,0.008493,0.008493,0.008493,0
152,152,1694053920000,0.008493,0.008493,0.008493,0.008493,0
153,153,1694053980000,0.008493,0.008493,0.008493,0.008493,0
154,154,1694054040000,0.008493,0.008493,0.008493,0.008493,0
155,155,1694054100000,0.008493,0.008493,0.008493,0.008493,0
156,156,1694054160000,0.008493,0.008493,0.008493,0.008493,0
157,157,1694054220000,0.008493,0.008493,0.008493,0.008493,0
158,158,1694054280000,0.008493,0.008493,0.008493,0.008493,0
159,159,1694054340000,0.008493,0.008493,0.008493,0.008493,0
160,160,1694054400000,0.008493,0.008493,0.008493,0.008493,0
161,161,1694054460000,0.008493,0.008493,0.008493,0.008493,0
162,162,1694054520000,0.008493,0.008493,0.008493,0.008493,0
163,163,1694054580000,0.008493,0.008493,0.008493,0.008493,0
164,164,1694054640000,0.008493,0.008493,0.008493,0.008493,0
165,165,1694054700000,0.008493,0.008493,0.008493,0.008493,0
166,166,1694054760000,0.008493,0.008493,0.008493,0.008493,0
167,167,1694054820000,0.008493,0.008493,0.008493,0.008493,0
168,168,1694054880000,0.008493,0.008493,0.008493,0.008493,0
169,169,1694054940000,0.008493,0.008493,0.008493,0.008493,0
170,170,1694055000000,0.008493,0.008493,0.008493,0.008493,0
171,171,1694055060000,0.008493,0.008493,0.008493,0.008493,0
172,172,1694055120000,0.008493,0.008493,0.008493,0.008493,0
173,173,1694055180000,0.008493,0.008493,0.008493,0.008493,0
174,174,1694055240000,0.008493,0.008493,0.008493,0.008493,0
175,175,1694055300000,0.008493,0.008493,0.008493,0.008493,0
176,176,1694055360000,0.008493,0.008493,0.008493,0.008493,0
177,177,1694055420000,0.008493,0.008493,0.008493,0.008493,0
178,178,1694055480000,0.008493,0.008493,0.008493,0.008493,0
179,179,1694055540000,0.008493,0.008493,0.008493,0.008493,0
180,180,1694055600000,0.008493,0.008493,0.008493,0.008493,0
181,181,1694055660000,0.008493,0.008493,0.008493,0.008493,0
182,182,1694055720000,0.008493,0.008493,0.008493,0.008493,0
183,183,1694055780000,0.008493,0.008493,0.008493,0.008493,0
184,184,1694055840000,0.008493,0.008493,0.008493,0.008493,0
185,185,1694055900000,0.008493,0.008493,0.008493,0.008493,0
186,186,1694055960000,0.008493,0.008493,0.008493,0.008493,0
187,187,1694056020000,0.008493,0.008493,0.008493,0.008493,0
188,188,1694056080000,0.008493,0.008493,0.008493,0.008493,0
189,189,1694056140000,0.008493,0.008493,0.008493,0.008493,0
190,190,1694056200000,0.008493,0.008493,0.008493,0.008493,0
191,191,1694056260000,0.008493,0.008493,0.008493,0.008493,0
192,192,1694056320000,0.008493,0.008493,0.008493,0.008493,0
193,193,1694056380000,0.008493,0.008493,0.008493,0.008493,0
194,194,1694056440000,0.008493,0.008493,0.008493,0.008493,0
195,195,1694056500000,0.008493,0.008493,0.008493,0.008493,0
196,196,1694056560000,0.008493,0.008493,0.008493,0.008493,0
197,197,1694056620000,0.008493,0.008493,0.008493,0.008493,0
198,198,1694056680000,0.008493,0.008493,0.008493,0.008493,0
199,199,1694056740000,0.008493,0.008493,0.008493,0.008493,0
200,200,1694056800000,0.008493,0.008493,0.008493,0.008493,0
201,201,1694056860000,0.008493,0.008493,0.008493,0.008493,0
202,202,1694056920000,0.008493,0.008493,0.008493,0.008493,0
203,203,1694056980000,0.008493,0.008493,0.008493,0.008493,0
204,204,1694057040000,0.008493,0.008493,0.008493,0.008493,0
205,205,1694057100000,0.008493,0.008493,0.008493,0.008493,0
206,206,1694057160000,0.008493,0.008493,0.008493,0.008493,0
207,207,1694057220000,0.008493,0.008493,0.008493,0.008493,0
208,208,1694057280000,0.008493,0.008493,0.008493,0.008493,0
209,209,1694057340000,0.008493,0.008493,0.008493,0.008493,0
210,210,1694057400000,0.008493,0.008493,0.008493,0.008493,0
211,211,1694057460000,0.008493,0.008493,0.008493,0.008493,0
212,212,1694057520000,0.008493,0.008493,0.008493,0.008493,0
213,213,1694057580000,0.008493,0.008493,0.008493,0.008493,0
214,214,1694057640000,0.008493,0.008493,0.008493,0.008493,0
215,215,1694057700000,0.008493,0.008493,0.008493,0.008493,0
216,216,1694057760000,0.008493,0.008493,0.008493,0.008493,0
217,217,1694057820000,0.008493,0.008493,0.008493,0.008493,0
218,218,1694057880000,0.008493,0.008493,0.008493,0.008493,0
219,219,1694057940000,0.008493,0.008493,0.008493,0.008493,0
220,220,1694058000000,0.008493,0.008493,0.008493,0.008493,0
221,221,1694058060000,0.008493,0.008493,0.008493,0.008493,0
222,222,1694058120000,0.008493,0.008493,0.008493,0.008493,0
223,223,1694058180000,0.008493,0.008493,0.008493,0.008493,0
224,224,1694058240000,0.008493,0.008493,0.008493,0.008493,0
225,225,1694058300000,0.008493,0.008493,0.008493,0.008493,0
226,226,1694058360000,0.008493,0.008493,0.008493,0.008493,0
227,227,1694058420000,0.008493,0.008493,0.008493,0.008493,0
228,228,1694058480000,0.008493,0.008493,0.008493,0.008493,0
229,229,1694058540000,0.008493,0.008493,0.008493,0.008493,0
230,230,1694058600000,0.008493,0.008493,0.008493,0.008493,0
231,231,1694058660000,0.008493,0.008493,0.008493,0.008493,0
232,232,1694058720000,0.008493,0.008493,0.008493,0.008493,0
233,233,1694058780000,0.008493,0.008493,0.008493,0.008493,0
234,234,1694058840000,0.008493,0.008493,0.008493,0.008493,0
235,235,1694058900000,0.008493,0.008493,0.008493,0.008493,0
236,236,1694058960000,0.008493,0.008493,0.008493,0.008493,0
237,237,1694059020000,0.008493,0.008493,0.008493,0.008493,0
238,238,1694059080000,0.008493,0.008493,0.008493,0.008493,0
239,239,1694059140000,0.008493,0.008493,0.008493,0.008493,0
240,240,1694059200000,0.008493,0.008493,0.008493,0.008493,0
241,241,1694059260000,0.008493,0.008493,0.008493,0.008493,0
242,242,1694059320000,0.008493,0.008493,0.008493,0.008493,0
243,243,1694059380000,0.008493,0.008493,0.008493,0.008493,0
244,244,1694059440000,0.008493,0.008493,0.008493,0.008493,0
245,245,1694059500000,0.008493,0.008493,0.008493,0.008493,0
246,246,1694059560000,0.008493,0.008493,0.008493,0.008493,0
247,247,1694059620000,0.008493,0.008493,0.008493,0.008493,0
248,248,1694059680000,0.008493,0.008493,0.008493,0.008493,0
249,249,1694059740000,0.008493,0.008493,0.008493,0.008493,0
250,250,1694059800000,0.008493,0.008493,0.008493,0.008493,0
251,251,1694059860000,0.008493,0.008493,0.008493,0.008493,0
252,252,1694059920000,0.008493,0.008493,0.008493,0.008493,0
253,253,1694059980000,0.008493,0.008493,0.008493,0.008493,0
254,254,1694060040000,0.008493,0.008493,0.008493,0.008493,0
255,255,1694060100000,0.008493,0.008493,0.008493,0.008493,0
256,256,1694060160000,0.008493,0.008493,0.008493,0.008493,0
257,257,1694060220000,0.008493,0.008493,0.008493,0.008493,0
258,258,1694060280000,0.008493,0.008493,0.008493,0.008493,0
259,259,1694060340000,0.008493,0.008493,0.008493,0.008493,0
260,260,1694060400000,0.008493,0.008493,0.008493,0.008493,0
261,261,1694060460000,0.008493,0.008493,0.008493,0.008493,0
262,262,1694060520000,0.008493,0.008493,0.008493,0.008493,0
263,263,1694060580000,0.008493,0.008493,0.008493,0.008493,0
264,264,1694060640000,0.008493,0.008493,0.008493,0.008493,0
265,265,1694060700000,0.008493,0.008493,0.008493,0.008493,0
266,266,1694060760000,0.008493,0.008493,0.008493,0.008493,0
267,267,1694060820000,0.008493,0.008493,0.008493,0.008493,0
268,268,1694060880000,0.008493,0.008493,0.008493,0.008493,0
269,269,1694060940000,0.008493,0.008493,0.008493,0.008493,0
270,270,1694061000000,0.008493,0.008493,0.008493,0.008493,0
271,271,1694061060000,0.008493,0.008493,0.008493,0.008493,0
272,272,1694061120000,0.008493,0.008493,0.008493,0.008493,0
273,273,1694061180000,0.008493,0.008493,0.008493,0.008493,0
274,274,1694061240000,0.008493,0.008493,0.008493,0.008493,0
275,275,1694061300000,0.008493,0.008493,0.008493,0.008493,0
276,276,1694061360000,0.008493,0.008493,0.008493,0.008493,0
277,277,1694061420000,0.008493,0.008493,0.008493,0.008493,0
278,278,1694061480000,0.008493,0.008493,0.008493,0.008493,0
279,279,1694061540000,0.008493,0.008493,0.008493,0.008493,0
280,280,1694061600000,0.008493,0.008493,0.008493,0.008493,0
281,281,1694061660000,0.008493,0.008493,0.008493,0.008493,0
282,282,1694061720000,0.008493,0.008493,0.008493,0.008493,0
283,283,1694061780000,0.008493,0.008493,0.008493,0.008493,0
284,284,1694061840000,0.008493,0.008493,0.008493,0.008493,0
285,285,1694061900000,0.008493,0.008493,0.008493,0.008493,0
286,286,1694061960000,0.008493,0.008493,0.008493,0.008493,0
287,287,1694062020000,0.008493,0.008493,0.008493,0.008493,0
288,288,1694062080000,0.008493,0.008493,0.008493,0.008493,0
289,289,1694062140000,0.008493,0.008493,0.008493,0.008493,0
290,290,1694062200000,0.008493,0.008493,0.008493,0.008493,0
291,291,1694062260000,0.008493,0.008493,0.008493,0.008493,0
292,292,1694062320000,0.008493,0.008493,0.008493,0.008493,0
293,293,1694062380000,0.008493,0.008493,0.008493,0.008493,0
294,294,1694062440000,0.008493,0.008493,0.008493,0.008493,0
295,295,1694062500000,0.008493,0.008493,0.008493,0.008493,0
296,296,1694062560000,0.008493,0.008493,0.008493,0.008493,0
297,297,1694062620000,0.008493,0.008493,0.008493,0.008493,0
298,298,1694062680000,0.008493,0.008493,0.008493,0.008493,0
299,299,1694062740000,0.008493,0.008493,0.008493,0.008493,0
300,300,1694062800000,0.008493,0.008493,0.008493,0.008493,0
301,301,1694062860000,0.008493,0.008493,0.008493,0.008493,0
302,302,1694062920000,0.008493,0.008493,0.008493,0.008493,0
303,303,1694062980000,0.008493,0.008493,0.008493,0.008493,0
304,304,1694063040000,0.008493,0.008493,0.008493,0.008493,0
305,305,1694063100000,0.008493,0.008493,0.008493,0.008493,0
306,306,1694063160000,0.008493,0.008493,0.008493,0.008493,0
307,307,1694063220000,0.008493,0.008493,0.008493,0.008493,0
308,308,1694063280000,0.008493,0.008493,0.008493,0.008493,0
309,309,1694063340000,0.008493,0.008493,0.008493,0.008493,0
310,310,1694063400000,0.008493,0.008493,0.008493,0.008493,0
311,311,1694063460000,0.008493,0.008493,0.008493,0.008493,0
312,312,1694063520000,0.008493,0.008493,0.008493,0.008493,0
313,313,1694063580000,0.008493,0.008493,0.008493,0.008493,0
314,314,1694063640000,0.008493,0.008493,0.008493,0.008493,0
315,315,1694063700000,0.008493,0.008493,0.008493,0.008493,0
316,316,1694063760000,0.008493,0.008493,0.008493,0.008493,0
317,317,1694063820000,0.008493,0.008493,0.008493,0.008493,0
318,318,1694063880000,0.008493,0.008493,0.008493,0.008493,0
319,319,1694063940000,0.008493,0.008493,0.008493,0.008493,0
320,320,1694064000000,0.008493,0.008493,0.008493,0.008493,0
321,321,1694064060000,0.008493,0.008493,0.008493,0.008493,0
322,322,1694064120000,0.008493,0.008493,0.008493,0.008493,0
323,323,1694064180000,0.008493,0.008493,0.008493,0.008493,0
324,324,1694064240000,0.008493,0.008493,0.008493,0.008493,0
325,325,1694064300000,0.008493,0.008493,0.008493,0.008493,0
326,326,1694064360000,0.008493,0.008493,0.008493,0.008493,0
327,327,1694064420000,0.008493,0.008493,0.008493,0.008493,0
328,328,1694064480000,0.008493,0.008493,0.008493,0.008493,0
329,329,1694064540000,0.008493,0.008493,0.008493,0.008493,0
330,330,1694064600000,0.008493,0.008493,0.008493,0.008493,0
331,331,1694064660000,0.008493,0.008493,0.008493,0.008493,0
332,332,1694064720000,0.008493,0.008493,0.008493,0.008493,0
333,333,1694064780000,0.008493,0.008493,0.008493,0.008493,0
334,334,1694064840000,0.008493,0.008493,0.008493,0.008493,0
335,335,1694064900000,0.008493,0.008493,0.008493,0.008493,0
336,336,1694064960000,0.008493,0.008493,0.008493,0.008493,0
337,337,1694065020000,0.008493,0.008493,0.008493,0.008493,0
338,338,1694065080000,0.008493,0.008493,0.008493,0.008493,0
339,339,1694065140000,0.008493,0.008493,0.008493,0.008493,0
340,340,1694065200000,0.008493,0.008493,0.008493,0.008493,0
341,341,1694065260000,0.008493,0.008493,0.008493,0.008493,0
342,342,1694065320000,0.008493,0.008493,0.008493,0.008493,0
343,343,1694065380000,0.008493,0.008493,0.008493,0.008493,0
344,344,1694065440000,0.008493,0.008493,0.008493,0.008493,0
345,345,1694065500000,0.008493,0.008493,0.008493,0.008493,0
346,346,1694065560000,0.008493,0.008493,0.008493,0.008493,0
347,347,1694065620000,0.008493,0.008493,0.008493,0.008493,0
348,348,1694065680000,0.008493,0.008493,0.008493,0.008493,0
349,349,1694065740000,0.008493,0.008493,0.008493,0.008493,0
350,350,1694065800000,0.008493,0.008493,0.008493,0.008493,0
351,351,1694065860000,0.008493,0.008493,0.008493,0.008493,0
352,352,1694065920000,0.008493,0.008493,0.008493,0.008493,0
353,353,1694065980000,0.008493,0.008493,0.008493,0.008493,0
354,354,1694066040000,0.008493,0.008493,0.008493,0.008493,0
355,355,1694066100000,0.008493,0.008493,0.008493,0.008493,0
356,356,1694066160000,0.008493,0.008493,0.008493,0.008493,0
357,357,1694066220000,0.008493,0.008493,0.008493,0.008493,0
358,358,1694066280000,0.008493,0.008493,0.008493,0.008493,0
359,359,1694066340000,0.008493,0.008493,0.008493,0.008493,0
360,360,1694066400000,0.008493,0.008493,0.008493,0.008493,0
361,361,1694066460000,0.008493,0.008493,0.008493,0.008493,0
362,362,1694066520000,0.008493,0.008493,0.008493,0.008493,0
363,363,1694066580000,0.008493,0.008493,0.008493,0.008493,0
364,364,1694066640000,0.008493,0.008493,0.008493,0.008493,0
365,365,1694066700000,0.008493,0.008493,0.008493,0.008493,0
366,366,1694066760000,0.008493,0.008493,0.008493,0.008493,0
367,367,1694066820000,0.008493,0.008493,0.008493,0.008493,0
368,368,1694066880000,0.008493,0.008493,0.008493,0.008493,0
369,369,1694066940000,0.008493,0.008493,0.008493,0.008493,0
370,370,1694067000000,0.008493,0.008493,0.008493,0.008493,0
371,371,1694067060000,0.008493,0.008493,0.008493,0.008493,0
372,372,1694067120000,0.008493,0.008493,0.008493,0.008493,0
373,373,1694067180000,0.008493,0.008493,0.008493,0.008493,0
374,374,1694067240000,0.008493,0.008493,0.008493,0.008493,0
375,375,1694067300000,0.008493,0.008493,0.008493,0.008493,0
376,376,1694067360000,0.008493,0.008493,0.008493,0.008493,0
377,377,1694067420000,0.008493,0.008493,0.008493,0.008493,0
378,378,1694067480000,0.008493,0.008493,0.008493,0.008493,0
379,379,1694067540000,0.008493,0.008493,0.008493,0.008493,0
380,380,1694067600000,0.008493,0.008493,0.008493,0.008493,0
381,381,1694067660000,0.008493,0.008493,0.008493,0.008493,0
382,382,1694067720000,0.008493,0.008493,0.008493,0.008493,0
383,383,1694067780000,0.008493,0.008493,0.008493,0.008493,0
384,384,1694067840000,0.008493,0.008493,0.008493,0.008493,0
385,385,1694067900000,0.008493,0.008493,0.008493,0.008493,0
386,386,1694067960000,0.008493,0.008493,0.008493,0.008493,0
387,387,1694068020000,0.008493,0.008493,0.008493,0.008493,0
388,388,1694068080000,0.008493,0.008493,0.008493,0.008493,0
389,389,1694068140000,0.008493,0.008493,0.008493,0.008493,0
390,390,1694068200000,0.008493,0.008493,0.008493,0.008493,0
391,391,1694068260000,0.008493,0.008493,0.008493,0.008493,0
392,392,1694068320000,0.008493,0.008493,0.008493,0.008493,0
393,393,1694068380000,0.008493,0.008493,0.008493,0.008493,0
394,394,1694068440000,0.008493,0.008493,0.008493,0.008493,0
395,395,1694068500000,0.008493,0.008493,0.008493,0.008493,0
396,396,1694068560000,0.008493,0.008493,0.008493,0.008493,0
397,397,1694068620000,0.008493,0.008493,0.008493,0.008493,0
398,398,1694068680000,0.008493,0.008493,0.008493,0.008493,0
399,399,1694068740000,0.008493,0.008493,0.008493,0.008493,0
400,400,1694068800000,0.008493,0.008493,0.008493,0.008493,0
401,401,1694068860000,0.008493,0.008493,0.008493,0.008493,0
402,402,1694068920000,0.008493,0.008493,0.008493,0.008493,0
403,403,1694068980000,0.008493,0.008493,0.008493,0.008493,0
404,404,1694069040000,0.008493,0.008493,0.008493,0.008493,0
405,405,1694069100000,0.008493,0.008493,0.008493,0.008493,0
406,406,1694069160000,0.008493,0.008493,0.008493,0.008493,0
407,407,1694069220000,0.008493,0.008493,0.008493,0.008493,0
408,408,1694069280000,0.008493,0.008493,0.008493,0.008493,0
409,409,1694069340000,0.008493,0.008493,0.008493,0.008493,0
410,410,1694069400000,0.008493,0.008493,0.008493,0.008493,0
411,411,1694069460000,0.008493,0.008493,0.008493,0.008493,0
412,412,1694069520000,0.008493,0.008493,0.008493,0.008493,0
413,413,1694069580000,0.008493,0.008493,0.008493,0.008493,0
414,414,1694069640000,0.008493,0.008493,0.008493,0.008493,0
415,415,1694069700000,0.008493,0.008493,0.008493,0.008493,0
416,416,1694069760000,0.008493,0.008493,0.008493,0.008493,0
417,417,1694069820000,0.008493,0.008493,0.008493,0.008493,0
418,418,1694069880000,0.008493,0.008493,0.008493,0.008493,0
419,419,1694069940000,0.008493,0.008493,0.008493,0.008493,0
420,420,1694070000000,0.008493,0.008493,0.008493,0.008493,0
421,421,1694070060000,0.008493,0.008493,0.008493,0.008493,0
422,422,1694070120000,0.008493,0.008493,0.008493,0.008493,0
423,423,1694070180000,0.008493,0.008493,0.008493,0.008493,0
424,424,1694070240000,0.008493,0.008493,0.008493,0.008493,0
425,425,1694070300000,0.008493,0.008493,0.008493,0.008493,0
426,426,1694070360000,0.008493,0.008493,0.008493,0.008493,0
427,427,1694070420000,0.008493,0.008493,0.008493,0.008493,0
428,428,1694070480000,0.008493,0.008493,0.008493,0.008493,0
429,429,1694070540000,0.008493,0.008493,0.008493,0.008493,0
430,430,1694070600000,0.008493,0.008493,0.008493,0.008493,0
431,431,1694070660000,0.008493,0.008493,0.008493,0.008493,0
432,432,1694070720000,0.008493,0.008493,0.008493,0.008493,0
433,433,1694070780000,0.008493,0.008493,0.008493,0.008493,0
434,434,1694070840000,0.008493,0.008493,0.008493,0.008493,0
435,435,1694070900000,0.008493,0.008493,0.008493,0.008493,0
436,436,1694070960000,0.008493,0.008493,0.008493,0.008493,0
437,437,1694071020000,0.008493,0.008493,0.008493,0.008493,0
438,438,1694071080000,0.008493,0.008493,0.008493,0.008493,0
439,439,1694071140000,0.008493,0.008493,0.008493,0.008493,0
440,440,1694071200000,0.008493,0.008493,0.008493,0.008493,0
441,441,1694071260000,0.008493,0.008493,0.008493,0.008493,0
442,442,1694071320000,0.008493,0.008493,0.008493,0.008493,0
443,443,1694071380000,0.008493,0.008493,0.008493,0.008493,0
444,444,1694071440000,0.008493,0.008493,0.008493,0.008493,0
445,445,1694071500000,0.008493,0.008493,0.008493,0.008493,0
446,446,1694071560000,0.008493,0.008493,0.008493,0.008493,0
447,447,1694071620000,0.008493,0.008493,0.008493,0.008493,0
448,448,1694071680000,0.008493,0.008493,0.008493,0.008493,0
449,449,1694071740000,0.008493,0.008493,0.008493,0.008493,0
450,450,1694071800000,0.008493,0.008493,0.008493,0.008493,0
451,451,1694071860000,0.008493,0.008493,0.008493,0.008493,0
452,452,1694071920000,0.008493,0.008493,0.008493,0.008493,0
453,453,1694071980000,0.008493,0.008493,0.008493,0.008493,0
454,454,1694072040000,0.008493,0.008493,0.008493,0.008493,0
455,455,1694072100000,0.008493,0.008493,0.008493,0.008493,0
456,456,1694072160000,0.008493,0.008493,0.008493,0.008493,0
457,457,1694072220000,0.008493,0.008493,0.008493,0.008493,0
458,458,1694072280000,0.008493,0.008493,0.008493,0.008493,0
459,459,1694072340000,0.008493,0.008493,0.008493,0.008493,0
460,460,1694072400000,0.008493,0.008493,0.008493,0.008493,0
461,461,1694072460000,0.008493,0.008493,0.008493,0.008493,0
462,462,1694072520000,0.008493,0.008493,0.008493,0.008493,0
463,463,1694072580000,0.008493,0.008493,0.008493,0.008493,0
464,464,1694072640000,0.008493,0.008493,0.008493,0.008493,0
465,465,1694072700000,0.008493,0.008493,0.008493,0.008493,0
466,466,1694072760000,0.008493,0.008493,0.008493,0.008493,0
467,467,1694072820000,0.008493,0.008493,0.008493,0.008493,0
468,468,1694072880000,0.008493,0.008493,0.008493,0.008493,0
469,469,1694072940000,0.008493,0.008493,0.008493,0.008493,0
470,470,1694073000000,0.008493,0.008493,0.008493,0.008493,0
471,471,1694073060000,0.008493,0.008493,0.008493,0.008493,0
472,472,1694073120000,0.008493,0.008493,0.008493,0.008493,0
473,473,1694073180000,0.008493,0.008493,0.008493,0.008493,0
474,474,1694073240000,0.008493,0.008493,0.008493,0.008493,0
475,475,1694073300000,0.008493,0.008493,0.008493,0.008493,0
476,476,1694073360000,0.008493,0.008493,0.008493,0.008493,0
477,477,1694073420000,0.008493,0.008493,0.008493,0.008493,0
478,478,1694073480000,0.008493,0.008493,0.008493,0.008493,0
479,479,1694073540000,0.008493,0.008493,0.008493,0.008493,0
480,480,1694073600000,0.008493,0.008493,0.008493,0.008493,0
481,481,1694073660000,0.008493,0.008493,0.008493,0.008493,0
482,482,1694073720000,0.008493,0.008493,0.008493,0.008493,0
483,483,1694073780000,0.008493,0.008493,0.008493,0.008493,0
484,484,1694073840000,0.008493,0.008493,0.008493,0.008493,0
485,485,1694073900000,0.008493,0.008493,0.008493,0.008493,0
486,486,1694073960000,0.008493,0.008493,0.008493,0.008493,0
487,487,1694074020000,0.008493,0.008493,0.008493,0.008493,0
488,488,1694074080000,0.008493,0.008493,0.008493,0.008493,0
489,489,1694074140000,0.008493,0.008493,0.008493,0.008493,0
490,490,1694074200000,0.008493,0.008493,0.008493,0.008493,0
491,491,1694074260000,0.008493,0.008493,0.008493,0.008493,0
492,492,1694074320000,0.008493,0.008493,0.008493,0.008493,0
493,493,1694074380000,0.008493,0.008493,0.008493,0.008493,0
494,494,1694074440000,0.008493,0.008493,0.008493,0.008493,0
495,495,1694074500000,0.008493,0.008493,0.008493,0.008493,0
496,496,1694074560000,0.008493,0.008493,0.008493,0.008493,0
497,497,1694074620000,0.008493,0.008493,0.008493,0.008493,0
498,498,1694074680000,0.008493,0.008493,0.008493,0.008493,0
499,499,1694074740000,0.008493,0.008493,0.008493,0.008493,0
500,500,1694074800000,0.008493,0.008493,0.008493,0.008493,0
501,501,1694074860000,0.008493,0.008493,0.008493,0.008493,0
502,502,1694074920000,0.008493,0.008493,0.008493,0.008493,0
503,503,1694074980000,0.008493,0.008493,0.008493,0.008493,0
504,504,1694075040000,0.008493,0.008493,0.008493,0.008493,0
505,505,1694075100000,0.008493,0.008493,0.008493,0.008493,0
506,506,1694075160000,0.008493,0.008493,0.008493,0.008493,0
507,507,1694075220000,0.008493,0.008493,0.008493,0.008493,0
508,508,1694075280000,0.008493,0.008493,0.008493,0.008493,0
509,509,1694075340000,0.008493,0.008493,0.008493,0.008493,0
510,510,1694075400000,0.008493,0.008493,0.008493,0.008493,0
511,511,1694075460000,0.008493,0.008493,0.008493,0.008493,0
512,512,1694075520000,0.008493,0.008493,0.008493,0.008493,0
513,513,1694075580000,0.008493,0.008493,0.008493,0.008493,0
514,514,1694075640000,0.008493,0.008493,0.008493,0.008493,0
515,515,1694075700000,0.008493,0.008493,0.008493,0.008493,0
516,516,1694075760000,0.008493,0.008493,0.008493,0.008493,0
517,517,1694075820000,0.008493,0.008493,0.008493,0.008493,0
518,518,1694075880000,0.008493,0.008493,0.008493,0.008493,0
519,519,1694075940000,0.008493,0.008493,0.008493,0.008493,0
520,520,1694076000000,0.008493,0.008493,0.008493,0.008493,0
521,521,1694076060000,0.008493,0.008493,0.008493,0.008493,0
522,522,1694076120000,0.008493,0.008493,0.008493,0.008493,0
523,523,1694076180000,0.008493,0.008493,0.008493,0.008493,0
524,524,1694076240000,0.008493,0.008493,0.008493,0.008493,0
525,525,1694076300000,0.008493,0.008493,0.008493,0.008493,0
526,526,1694076360000,0.008493,0.008493,0.008493,0.008493,0
527,527,1694076420000,0.008493,0.008493,0.008493,0.008493,0
528,528,1694076480000,0.008493,0.008493,0.008493,0.008493,0
529,529,1694076540000,0.008493,0.008493,0.008493,0.008493,0
530,530,1694076600000,0.008493,0.008493,0.008493,0.008493,0
531,531,1694076660000,0.008493,0.008493,0.008493,0.008493,0
532,532,1694076720000,0.008493,0.008493,0.008493,0.008493,0
533,533,1694076780000,0.008493,0.008493,0.008493,0.008493,0
534,534,1694076840000,0.008493,0.008493,0.008493,0.008493,0
535,535,1694076900000,0.008493,0.008493,0.008493,0.008493,0
536,536,1694076960000,0.008493,0.008493,0.008493,0.008493,0
537,537,1694077020000,0.008493,0.008493,0.008493,0.008493,0
538,538,1694077080000,0.008493,0.008493,0.008493,0.008493,0
539,539,1694077140000,0.008493,0.008493,0.008493,0.008493,0
540,540,1694077200000,0.008493,0.008493,0.008493,0.008493,0
541,541,1694077260000,0.008493,0.008493,0.008493,0.008493,0
542,542,1694077320000,0.008493,0.008493,0.008493,0.008493,0
543,543,1694077380000,0.008493,0.008493,0.008493,0.008493,0
544,544,1694077440000,0.008493,0.008493,0.008493,0.008493,0
545,545,1694077500000,0.008493,0.008493,0.008493,0.008493,0
546,546,1694077560000,0.008493,0.008493,0.008493,0.008493,0
547,547,1694077620000,0.008493,0.008493,0.008493,0.008493,0
548,548,1694077680000,0.008493,0.008493,0.008493,0.008493,0
549,549,1694077740000,0.008493,0.008493,0.008493,0.008493,0
550,550,1694077800000,0.008493,0.008493,0.008493,0.008493,0
551,551,1694077860000,0.008493,0.008493,0.008493,0.008493,0
552,552,1694077920000,0.008493,0.008493,0.008493,0.008493,0
553,553,1694077980000,0.008493,0.008493,0.008493,0.008493,0
554,554,1694078040000,0.008493,0.008493,0.008493,0.008493,0
555,555,1694078100000,0.008493,0.008493,0.008493,0.008493,0
556,556,1694078160000,0.008493,0.008493,0.008493,0.008493,0
557,557,1694078220000,0.008493,0.008493,0.008493,0.008493,0
558,558,1694078280000,0.008493,0.008493,0.008493,0.008493,0
559,559,1694078340000,0.008493,0.008493,0.008493,0.008493,0
560,560,1694078400000,0.008493,0.008493,0.008493,0.008493,0
561,561,1694078460000,0.008493,0.008493,0.008493,0.008493,0
562,562,1694078520000,0.008493,0.008493,0.008493,0.008493,0
563,563,1694078580000,0.008493,0.008493,0.008493,0.008493,0
564,564,1694078640000,0.008493,0.008493,0.008493,0.008493,0
565,565,1694078700000,0.008493,0.008493,0.008493,0.008493,0
566,566,1694078760000,0.008493,0.008493,0.008493,0.008493,0
567,567,1694078820000,0.008493,0.008493,0.008493,0.008493,0
568,568,1694078880000,0.008493,0.008493,0.008493,0.008493,0
569,569,1694078940000,0.008493,0.008493,0.008493,0.008493,0
570,570,1694079000000,0.008493,0.008493,0.008493,0.008493,0
571,571,1694079060000,0.008493,0.008493,0.008493,0.008493,0
572,572,1694079120000,0.008493,0.008493,0.008493,0.008493,0
573,573,1694079180000,0.008493,0.008493,0.008493,0.008493,0
574,574,1694079240000,0.008493,0.008493,0.008493,0.008493,0
575,575,1694079300000,0.008493,0.008493,0.008493,0.008493,0
576,576,1694079360000,0.008493,0.008493,0.008493,0.008493,0
577,577,1694079420000,0.008493,0.008493,0.008493,0.008493,0
578,578,1694079480000,0.008493,0.008493,0.008493,0.008493,0
579,579,1694079540000,0.008493,0.008493,0.008493,0.008493,0
580,580,1694079600000,0.008493,0.008493,0.008493,0.008493,0
581,581,1694079660000,0.008493,0.008493,0.008493,0.008493,0
582,582,1694079720000,0.008493,0.008493,0.008493,0.008493,0
583,583,1694079780000,0.008493,0.008493,0.008493,0.008493,0
584,584,1694079840000,0.008493,0.008493,0.008493,0.008493,0
585,585,1694079900000,0.008493,0.008493,0.008493,0.008493,0
586,586,1694079960000,0.008493,0.008493,0.008493,0.008493,0
587,587,1694080020000,0.008493,0.008493,0.008493,0.008493,0
588,588,1694080080000,0.008493,0.008493,0.008493,0.008493,0
589,589,1694080140000,0.008493,0.008493,0.008493,0.008493,0
590,590,1694080200000,0.008493,0.008493,0.008493,0.008493,0
591,591,1694080260000,0.008493,0.008493,0.008493,0.008493,0
592,592,1694080320000,0.008493,0.008493,0.008493,0.008493,0
593,593,1694080380000,0.008493,0.008493,0.008493,0.008493,0
594,594,1694080440000,0.008493,0.008493,0.008493,0.008493,0
595,595,1694080500000,0.008493,0.008493,0.008493,0.008493,0
596,596,1694080560000,0.008493,0.008493,0.008493,0.008493,0
597,597,1694080620000,0.008493,0.008493,0.008493,0.008493,0
598,598,1694080680000,0.008493,0.008493,0.008493,0.008493,0
599,599,1694080740000,0.008493,0.008493,0.008493,0.008493,0
600,600,1694080800000,0.008493,0.008493,0.008493,0.008493,0
601,601,1694080860000,0.008493,0.008493,0.008493,0.008493,0
602,602,1694080920000,0.008493,0.008493,0.008493,0.008493,0
603,603,1694080980000,0.008493,0.008493,0.008493,0.008493,0
604,604,1694081040000,0.008493,0.008493,0.008493,0.008493,0
605,605,1694081100000,0.008493,0.008493,0.008493,0.008493,0
606,606,1694081160000,0.008493,0.008493,0.008493,0.008493,0
607,607,1694081220000,0.008493,0.008493,0.008493,0.008493,0
608,608,1694081280000,0.008493,0.008493,0.008493,0.008493,0
609,609,1694081340000,0.008493,0.008493,0.008493,0.008493,0
610,610,1694081400000,0.008493,0.008493,0.008493,0.008493,0
611,611,1694081460000,0.008493,0.008493,0.008493,0.008493,0
612,612,1694081520000,0.008493,0.008493,0.008493,0.008493,0
613,613,1694081580000,0.008493,0.008493,0.008493,0.008493,0
614,614,1694081640000,0.008493,0.008493,0.008493,0.008493,0
615,615,1694081700000,0.008493,0.008493,0.008493,0.008493,0
616,616,1694081760000,0.008493,0.008493,0.008493,0.008493,0
617,617,1694081820000,0.008493,0.008493,0.008493,0.008493,0
618,618,1694081880000,0.008493,0.008493,0.008493,0.008493,0
619,619,1694081940000,0.008493,0.008493,0.008493,0.008493,0
620,620,1694082000000,0.008493,0.008493,0.008493,0.008493,0
621,621,1694082060000,0.008493,0.008493,0.008493,0.008493,0
622,622,1694082120000,0.008493,0.008493,0.008493,0.008493,0
623,623,1694082180000,0.008493,0.008493,0.008493,0.008493,0
624,624,1694082240000,0.008493,0.008493,0.008493,0.008493,0
625,625,1694082300000,0.008493,0.008493,0.008493,0.008493,0
626,626,1694082360000,0.008493,0.008493,0.008493,0.008493,0
627,627,1694082420000,0.008493,0.008493,0.008493,0.008493,0
628,628,1694082480000,0.008493,0.008493,0.008493,0.008493,0
629,629,1694082540000,0.008493,0.008493,0.008493,0.008493,0
630,630,1694082600000,0.008493,0.008493,0.008493,0.008493,0
631,631,1694082660000,0.008493,0.008493,0.008493,0.008493,0
632,632,1694082720000,0.008493,0.008493,0.008493,0.008493,0
633,633,1694082780000,0.008493,0.008493,0.008493,0.008493,0
634,634,1694082840000,0.008493,0.008493,0.008493,0.008493,0
635,635,1694082900000,0.008493,0.008493,0.008493,0.008493,0
636,636,1694082960000,0.008493,0.008493,0.008493,0.008493,0
637,637,1694083020000,0.008493,0.008493,0.008493,0.008493,0
638,638,1694083080000,0.008493,0.008493,0.008493,0.008493,0
639,639,1694083140000,0.008493,0.008493,0.008493,0.008493,0
640,640,1694083200000,0.008493,0.008493,0.008493,0.008493,0
641,641,1694083260000,0.008493,0.008493,0.008493,0.008493,0
642,642,1694083320000,0.008493,0.008493,0.008493,0.008493,0
643,643,1694083380000,0.008493,0.008493,0.008493,0.008493,0
644,644,1694083440000,0.008493,0.008493,0.008493,0.008493,0
645,645,1694083500000,0.008493,0.008493,0.008493,0.008493,0
646,646,1694083560000,0.008493,0.008493,0.008493,0.008493,0
647,647,1694083620000,0.008493,0.008493,0.008493,0.008493,0
648,648,1694083680000,0.008493,0.008493,0.008493,0.008493,0
649,649,1694083740000,0.008493,0.008493,0.008493,0.008493,0
650,650,1694083800000,0.008493,0.008493,0.008493,0.008493,0
651,651,1694083860000,0.008493,0.008493,0.008493,0.008493,0
652,652,1694083920000,0.008493,0.008493,0.008493,0.008493,0
653,653,1694083980000,0.008493,0.008493,0.008493,0.008493,0
654,654,1694084040000,0.008493,0.008493,0.008493,0.008493,0
655,655,1694084100000,0.008493,0.008493,0.008493,0.008493,0
656,656,1694084160000,0.008493,0.008493,0.008493,0.008493,0
657,657,1694084220000,0.008493,0.008493,0.008493,0.008493,0
658,658,1694084280000,0.008493,0.008493,0.008493,0.008493,0
659,659,1694084340000,0.008493,0.008493,0.008493,0.008493,0
660,660,1694084400000,0.008493,0.008493,0.008493,0.008493,0
661,661,1694084460000,0.008493,0.008493,0.008493,0.008493,0
662,662,1694084520000,0.008493,0.008493,0.008493,0.008493,0
663,663,1694084580000,0.008493,0.008493,0.008493,0.008493,0
664,664,1694084640000,0.008493,0.008493,0.008493,0.008493,0
665,665,1694084700000,0.008493,0.008493,0.008493,0.008493,0
666,666,1694084760000,0.008493,0.008493,0.008493,0.008493,0
667,667,1694084820000,0.008493,0.008493,0.008493,0.008493,0
668,668,1694084880000,0.008493,0.008493,0.008493,0.008493,0
669,669,1694084940000,0.008493,0.008493,0.008493,0.008493,0
670,670,1694085000000,0.008493,0.008493,0.008493,0.008493,0
671,671,1694085060000,0.008493,0.008493,0.008493,0.008493,0
672,672,1694085120000,0.008493,0.008493,0.008493,0.008493,0
673,673,1694085180000,0.008493,0.008493,0.008493,0.008493,0
674,674,1694085240000,0.008493,0.008493,0.008493,0.008493,0
675,675,1694085300000,0.008493,0.008493,0.008493,0.008493,0
676,676,1694085360000,0.008493,0.008493,0.008493,0.008493,0
677,677,1694085420000,0.008493,0.008493,0.008493,0.008493,0
678,678,1694085480000,0.008493,0.008493,0.008493,0.008493,0
679,679,1694085540000,0.008493,0.008493,0.008493,0.008493,0
680,680,1694085600000,0.008493,0.008493,0.008493,0.008493,0
681,681,1694085660000,0.008493,0.008493,0.008493,0.008493,0
682,682,1694085720000,0.008493,0.008493,0.008493,0.008493,0
683,683,1694085780000,0.008493,0.008493,0.008493,0.008493,0
684,684,1694085840000,0.008493,0.008493,0.008493,0.008493,0
685,685,1694085900000,0.008493,0.008493,0.008493,0.008493,0
686,686,1694085960000,0.008493,0.008493,0.008493,0.008493,0
687,687,1694086020000,0.008493,0.008493,0.008493,0.008493,0
688,688,1694086080000,0.008493,0.008493,0.008493,0.008493,0
689,689,1694086140000,0.008493,0.008493,0.008493,0.008493,0
690,690,1694086200000,0.008493,0.008493,0.008493,0.008493,0
691,691,1694086260000,0.008493,0.008493,0.008493,0.008493,0
692,692,1694086320000,0.008493,0.008493,0.008493,0.008493,0
693,693,1694086380000,0.008493,0.008493,0.008493,0.008493,0
694,694,1694086440000,0.008493,0.008493,0.008493,0.008493,0
695,695,1694086500000,0.008493,0.008493,0.008493,0.008493,0
696,696,1694086560000,0.008493,0.008493,0.008493,0.008493,0
697,697,1694086620000,0.008493,0.008493,0.008493,0.008493,0
698,698,1694086680000,0.008493,0.008493,0.008493,0.008493,0
699,699,1694086740000,0.008493,0.008493,0.008493,0.008493,0
700,700,1694086800000,0.008493,0.008493,0.008493,0.008493,0
701,701,1694086860000,0.008493,0.008493,0.008493,0.008493,0
702,702,1694086920000,0.008493,0.008493,0.008493,0.008493,0
703,703,1694086980000,0.008493,0.008493,0.008493,0.008493,0
704,704,1694087040000,0.008493,0.008493,0.008493,0.008493,0
705,705,1694087100000,0.008493,0.008493,0.008493,0.008493,0
706,706,1694087160000,0.008493,0.008493,0.008493,0.008493,0
707,707,1694087220000,0.008493,0.008493,0.008493,0.008493,0
708,708,1694087280000,0.008493,0.008493,0.008493,0.008493,0
709,709,1694087340000,0.008493,0.008493,0.008493,0.008493,0
710,710,1694087400000,0.008493,0.008493,0.008493,0.008493,0
711,711,1694087460000,0.008493,0.008493,0.008493,0.008493,0
712,712,1694087520000,0.008493,0.008493,0.008493,0.008493,0
713,713,1694087580000,0.008493,0.008493,0.008493,0.008493,0
714,714,1694087640000,0.008493,0.008493,0.008493,0.008493,0
715,715,1694087700000,0.008493,0.008493,0.008493,0.008493,0
716,716,1694087760000,0.008493,0.008493,0.008493,0.008493,0
717,717,1694087820000,0.008493,0.008493,0.008493,0.008493,0
718,718,1694087880000,0.008493,0.008493,0.008493,0.008493,0
719,719,1694087940000,0.008493,0.008493,0.008493,0.008493,0
720,720,1694088000000,0.008493,0.008493,0.008493,0.008493,0
721,721,1694088060000,0.008493,0.008493,0.008493,0.008493,0
722,722,1694088120000,0.008493,0.008493,0.008493,0.008493,0
723,723,1694088180000,0.008493,0.008493,0.008493,0.008493,0
724,724,1694088240000,0.008493,0.008493,0.008493,0.008493,0
725,725,1694088300000,0.008493,0.008493,0.008493,0.008493,0
726,726,1694088360000,0.008493,0.008493,0.008493,0.008493,0
727,727,1694088420000,0.008493,0.008493,0.008493,0.008493,0
728,728,1694088480000,0.008493,0.008493,0.008493,0.008493,0
729,729,1694088540000,0.008493,0.008493,0.008493,0.008493,0
730,730,1694088600000,0.008493,0.008493,0.008493,0.008493,0
731,731,1694088660000,0.008493,0.008493,0.008493,0.008493,0
732,732,1694088720000,0.008493,0.008493,0.008493,0.008493,0
733,733,1694088780000,0.008493,0.008493,0.008493,0.008493,0
734,734,1694088840000,0.008493,0.008493,0.008493,0.008493,0
735,735,1694088900000,0.008493,0.008493,0.008493,0.008493,0
736,736,1694088960000,0.008493,0.008493,0.008493,0.008493,0
737,737,1694089020000,0.008493,0.008493,0.008493,0.008493,0
738,738,1694089080000,0.008493,0.008493,0.008493,0.008493,0
739,739,1694089140000,0.008493,0.008493,0.008493,0.008493,0
740,740,1694089200000,0.008493,0.008493,0.008493,0.008493,0
741,741,1694089260000,0.008493,0.008493,0.008493,0.008493,0
742,742,1694089320000,0.008493,0.008493,0.008493,0.008493,0
743,743,1694089380000,0.008493,0.008493,0.008493,0.008493,0
744,744,1694089440000,0.008493,0.008493,0.008493,0.008493,0
745,745,1694089500000,0.008493,0.008493,0.008493,0.008493,0
746,746,1694089560000,0.008493,0.008493,0.008493,0.008493,0
747,747,1694089620000,0.008493,0.008493,0.008493,0.008493,0
748,748,1694089680000,0.008493,0.008493,0.008493,0.008493,0
749,749,1694089740000,0.008493,0.008493,0.008493,0.008493,0
750,750,1694089800000,0.008493,0.008493,0.008493,0.008493,0
751,751,1694089860000,0.008493,0.008493,0.008493,0.008493,0
752,752,1694089920000,0.008493,0.008493,0.008493,0.008493,0
753,753,1694089980000,0.008493,0.008493,0.008493,0.008493,0
754,754,1694090040000,0.008493,0.008493,0.008493,0.008493,0
755,755,1694090100000,0.008493,0.008493,0.008493,0.008493,0
756,756,1694090160000,0.008493,0.008493,0.008493,0.008493,0
757,757,1694090220000,0.008493,0.008493,0.008493,0.008493,0
758,758,1694090280000,0.008493,0.008493,0.008493,0.008493,0
759,759,1694090340000,0.008493,0.008493,0.008493,0.008493,0
760,760,1694090400000,0.008493,0.008493,0.008493,0.008493,0
761,761,1694090460000,0.008493,0.008493,0.008493,0.008493,0
762,762,1694090520000,0.008493,0.008493,0.008493,0.008493,0
763,763,1694090580000,0.008493,0.008493,0.008493,0.008493,0
764,764,1694090640000,0.008493,0.008493,0.008493,0.008493,0
765,765,1694090700000,0.008493,0.008493,0.008493,0.008493,0
766,766,1694090760000,0.008493,0.008493,0.008493,0.008493,0
767,767,1694090820000,0.008493,0.008493,0.008493,0.008493,0
768,768,1694090880000,0.008493,0.008493,0.008493,0.008493,0
769,769,1694090940000,0.008493,0.008493,0.008493,0.008493,0
770,770,1694091000000,0.008493,0.008493,0.008493,0.008493,0
771,771,1694091060000,0.008493,0.008493,0.008493,0.008493,0
772,772,1694091120000,0.008493,0.008493,0.008493,0.008493,0
773,773,1694091180000,0.008493,0.008493,0.008493,0.008493,0
774,774,1694091240000,0.008493,0.008493,0.008493,0.008493,0
775,775,1694091300000,0.008493,0.008493,0.008493,0.008493,0
776,776,1694091360000,0.008493,0.008493,0.008493,0.008493,0
777,777,1694091420000,0.008493,0.008493,0.008493,0.008493,0
778,778,1694091480000,0.008493,0.008493,0.008493,0.008493,0
779,779,1694091540000,0.008493,0.008493,0.008493,0.008493,0
780,780,1694091600000,0.008493,0.008493,0.008493,0.008493,0
781,781,1694091660000,0.008493,0.008493,0.008493,0.008493,0
782,782,1694091720000,0.008493,0.008493,0.008493,0.008493,0
783,783,1694091780000,0.008493,0.008493,0.008493,0.008493,0
784,784,1694091840000,0.008493,0.008493,0.008493,0.008493,0
785,785,1694091900000,0.008493,0.008493,0.008493,0.008493,0
786,786,1694091960000,0.008493,0.008493,0.008493,0.008493,0
787,787,1694092020000,0.008493,0.008493,0.008493,0.008493,0
788,788,1694092080000,0.008493,0.008493,0.008493,0.008493,0
789,789,1694092140000,0.008493,0.008493,0.008493,0.008493,0
790,790,1694092200000,0.008493,0.008493,0.008493,0.008493,0
791,791,1694092260000,0.008493,0.008493,0.008493,0.008493,0
792,792,1694092320000,0.008493,0.008493,0.008493,0.008493,0
793,793,1694092380000,0.008493,0.008493,0.008493,0.008493,0
794,794,1694092440000,0.008493,0.008493,0.008493,0.008493,0
795,795,1694092500000,0.008493,0.008493,0.008493,0.008493,0
796,796,1694092560000,0.008493,0.008493,0.008493,0.008493,0
797,797,1694092620000,0.008493,0.008493,0.008493,0.008493,0
798,798,1694092680000,0.008493,0.008493,0.008493,0.008493,0
799,799,1694092740000,0.008493,0.008493,0.008493,0.008493,0
800,800,1694092800000,0.008493,0.008493,0.008493,0.008493,0
801,801,1694092860000,0.008493,0.008493,0.008493,0.008493,0
802,802,1694092920000,0.008493,0.008493,0.008493,0.008493,0
803,803,1694092980000,0.008493,0.008493,0.008493,0.008493,0
804,804,1694093040000,0.008493,0.008493,0.008493,0.008493,0
805,805,1694093100000,0.008493,0.008493,0.008493,0.008493,0
806,806,1694093160000,0.008493,0.008493,0.008493,0.008493,0
807,807,1694093220000,0.008493,0.008493,0.008493,0.008493,0
808,808,1694093280000,0.008493,0.008493,0.008493,0.008493,0
809,809,1694093340000,0.008493,0.008493,0.008493,0.008493,0
810,810,1694093400000,0.008493,0.008493,0.008493,0.008493,0
811,811,1694093460000,0.008493,0.008493,0.008493,0.008493,0
812,812,1694093520000,0.008493,0.008493,0.008493,0.008493,0
813,813,1694093580000,0.008493,0.008493,0.008493,0.008493,0
814,814,1694093640000,0.008493,0.008493,0.008493,0.008493,0
815,815,1694093700000,0.008493,0.008493,0.008493,0.008493,0
816,816,1694093760000,0.008493,0.008493,0.008493,0.008493,0
817,817,1694093820000,0.008493,0.008493,0.008493,0.008493,0
818,818,1694093880000,0.008493,0.008493,0.008493,0.008493,0
819,819,1694093940000,0.008493,0.008493,0.008493,0.008493,0
820,820,1694094000000,0.008493,0.008493,0.008493,0.008493,0
821,821,1694094060000,0.008493,0.008493,0.008493,0.008493,0
822,822,1694094120000,0.008493,0.008493,0.008493,0.008493,0
823,823,1694094180000,0.008493,0.008493,0.008493,0.008493,0
824,824,1694094240000,0.008493,0.008493,0.008493,0.008493,0
825,825,1694094300000,0.008493,0.008493,0.008493,0.008493,0
826,826,1694094360000,0.008493,0.008493,0.008493,0.008493,0
827,827,1694094420000,0.008493,0.008493,0.008493,0.008493,0
828,828,1694094480000,0.008493,0.008493,0.008493,0.008493,0
829,829,1694094540000,0.008493,0.008493,0.008493,0.008493,0
830,830,1694094600000,0.008493,0.008493,0.008493,0.008493,0
831,831,1694094660000,0.008493,0.008493,0.008493,0.008493,0
832,832,1694094720000,0.008493,0.008493,0.008493,0.008493,0
833,833,1694094780000,0.008493,0.008493,0.008493,0.008493,0
834,834,1694094840000,0.008493,0.008493,0.008493,0.008493,0
835,835,1694094900000,0.008493,0.008493,0.008493,0.008493,0
836,836,1694094960000,0.008493,0.008493,0.008493,0.008493,0
837,837,1694095020000,0.008493,0.008493,0.008493,0.008493,0
838,838,1694095080000,0.008493,0.008493,0.008493,0.008493,0
839,839,1694095140000,0.008493,0.008493,0.008493,0.008493,0
840,840,1694095200000,0.008493,0.008493,0.008493,0.008493,0
841,841,1694095260000,0.008493,0.008493,0.008493,0.008493,0
842,842,1694095320000,0.008493,0.008493,0.008493,0.008493,0
843,843,1694095380000,0.008493,0.008493,0.008493,0.008493,0
844,844,1694095440000,0.008493,0.008493,0.008493,0.008493,0
845,845,1694095500000,0.008493,0.008493,0.008493,0.008493,0
846,846,1694095560000,0.008493,0.008493,0.008493,0.008493,0
847,847,1694095620000,0.008493,0.008493,0.008493,0.008493,0
848,848,1694095680000,0.008493,0.008493,0.008493,0.008493,0
849,849,1694095740000,0.008493,0.008493,0.008493,0.008493,0
850,850,1694095800000,0.008493,0.008493,0.008493,0.008493,0
851,851,1694095860000,0.008493,0.008493,0.008493,0.008493,0
852,852,1694095920000,0.008493,0.008493,0.008493,0.008493,0
853,853,1694095980000,0.008493,0.008493,0.008493,0.008493,0
854,854,1694096040000,0.008493,0.008493,0.008493,0.008493,0
855,855,1694096100000,0.008493,0.008493,0.008493,0.008493,0
856,856,1694096160000,0.008493,0.008493,0.008493,0.008493,0
857,857,1694096220000,0.008493,0.008493,0.008493,0.008493,0
858,858,1694096280000,0.008493,0.008493,0.008493,0.008493,0
859,859,1694096340000,0.008493,0.008493,0.008493,0.008493,0
860,860,1694096400000,0.008493,0.008493,0.008493,0.008493,0
861,861,1694096460000,0.008493,0.008493,0.008493,0.008493,0
862,862,1694096520000,0.008493,0.008493,0.008493,0.008493,0
863,863,1694096580000,0.008493,0.008493,0.008493,0.008493,0
864,864,1694096640000,0.008493,0.008493,0.008493,0.008493,0
865,865,1694096700000,0.008493,0.008493,0.008493,0.008493,0
866,866,1694096760000,0.008493,0.008493,0.008493,0.008493,0
867,867,1694096820000,0.008493,0.008493,0.008493,0.008493,0
868,868,1694096880000,0.008493,0.008493,0.008493,0.008493,0
869,869,1694096940000,0.008493,0.008493,0.008493,0.008493,0
870,870,1694097000000,0.008493,0.008493,0.008493,0.008493,0
871,871,1694097060000,0.008493,0.008493,0.008493,0.008493,0
872,872,1694097120000,0.008493,0.008493,0.008493,0.008493,0
873,873,1694097180000,0.008493,0.008493,0.008493,0.008493,0
874,874,1694097240000,0.008493,0.008493,0.008493,0.008493,0
875,875,1694097300000,0.008493,0.008493,0.008493,0.008493,0
876,876,1694097360000,0.008493,0.008493,0.008493,0.008493,0
877,877,1694097420000,0.008493,0.008493,0.008493,0.008493,0
878,878,1694097480000,0.008493,0.008493,0.008493,0.008493,0
879,879,1694097540000,0.008493,0.008493,0.008493,0.008493,0
880,880,1694097600000,0.008493,0.008493,0.008493,0.008493,0
881,881,1694097660000,0.008493,0.008493,0.008493,0.008493,0
882,882,1694097720000,0.008493,0.008493,0.008493,0.008493,0
883,883,1694097780000,0.008493,0.008493,0.008493,0.008493,0
884,884,1694097840000,0.008493,0.008493,0.008493,0.008493,0
885,885,1694097900000,0.008493,0.008493,0.008493,0.008493,0
886,886,1694097960000,0.008493,0.008493,0.008493,0.008493,0
887,887,1694098020000,0.008493,0.008493,0.008493,0.008493,0
888,888,1694098080000,0.008493,0.008493,0.008493,0.008493,0
889,889,1694098140000,0.008493,0.008493,0.008493,0.008493,0
890,890,1694098200000,0.008493,0.008493,0.008493,0.008493,0
891,891,1694098260000,0.008493,0.008493,0.008493,0.008493,0
892,892,1694098320000,0.008493,0.008493,0.008493,0.008493,0
893,893,1694098380000,0.008493,0.008493,0.008493,0.008493,0
894,894,1694098440000,0.008493,0.008493,0.008493,0.008493,0
895,895,1694098500000,0.008493,0.008493,0.008493,0.008493,0
896,896,1694098560000,0.008493,0.008493,0.008493,0.008493,0
897,897,1694098620000,0.008493,0.008493,0.008493,0.008493,0
898,898,1694098680000,0.008493,0.008493,0.008493,0.008493,0
899,899,1694098740000,0.008493,0.008493,0.008493,0.008493,0
900,900,1694098800000,0.008493,0.008493,0.008493,0.008493,0
901,901,1694098860000,0.008493,0.008493,0.008493,0.008493,0
902,902,1694098920000,0.008493,0.008493,0.008493,0.008493,0
903,903,1694098980000,0.008493,0.008493,0.008493,0.008493,0
904,904,1694099040000,0.008493,0.008493,0.008493,0.008493,0
905,905,1694099100000,0.008493,0.008493,0.008493,0.008493,0
906,906,1694099160000,0.008493,0.008493,0.008493,0.008493,0
907,907,1694099220000,0.008493,0.008493,0.008493,0.008493,0
908,908,1694099280000,0.008493,0.008493,0.008493,0.008493,0
909,909,1694099340000,0.008493,0.008493,0.008493,0.008493,0
910,910,1694099400000,0.008493,0.008493,0.008493,0.008493,0
911,911,1694099460000,0.008493,0.008493,0.008493,0.008493,0
912,912,1694099520000,0.008493,0.008493,0.008493,0.008493,0
913,913,1694099580000,0.008493,0.008493,0.008493,0.008493,0
914,914,1694099640000,0.008493,0.008493,0.008493,0.008493,0
915,915,1694099700000,0.008493,0.008493,0.008493,0.008493,0
916,916,1694099760000,0.008493,0.008493,0.008493,0.008493,0
917,917,1694099820000,0.008493,0.008493,0.008493,0.008493,0
918,918,1694099880000,0.008493,0.008493,0.008493,0.008493,0
919,919,1694099940000,0.008493,0.008493,0.008493,0.008493,0
920,920,1694100000000,0.008493,0.008493,0.008493,0.008493,0
921,921,1694100060000,0.008493,0.008493,0.008493,0.008493,0
922,922,1694100120000,0.008493,0.008493,0.008493,0.008493,0
923,923,1694100180000,0.008493,0.008493,0.008493,0.008493,0
924,924,1694100240000,0.008493,0.008493,0.008493,0.008493,0
925,925,1694100300000,0.008493,0.008493,0.008493,0.008493,0
926,926,1694100360000,0.008493,0.008493,0.008493,0.008493,0
927,927,1694100420000,0.008493,0.008493,0.008493,0.008493,0
928,928,1694100480000,0.008493,0.008493,0.008493,0.008493,0
929,929,1694100540000,0.008493,0.008493,0.008493,0.008493,0
930,930,1694100600000,0.008493,0.008493,0.008493,0.008493,0
931,931,1694100660000,0.008493,0.008493,0.008493,0.008493,0
932,932,1694100720000,0.008493,0.008493,0.008493,0.008493,0
933,933,1694100780000,0.008493,0.008493,0.008493,0.008493,0
934,934,1694100840000,0.008493,0.008493,0.008493,0.008493,0
935,935,1694100900000,0.008493,0.008493,0.008493,0.008493,0
936,936,1694100960000,0.008493,0.008493,0.008493,0.008493,0
937,937,1694101020000,0.008493,0.008493,0.008493,0.008493,0
938,938,1694101080000,0.008493,0.008493,0.008493,0.008493,0
939,939,1694101140000,0.008493,0.008493,0.008493,0.008493,0
940,940,1694101200000,0.008493,0.008493,0.008493,0.008493,0
941,941,1694101260000,0.008493,0.008493,0.008493,0.008493,0
942,942,1694101320000,0.008493,0.008493,0.008493,0.008493,0
943,943,1694101380000,0.008493,0.008493,0.008493,0.008493,0
944,944,1694101440000,0.008493,0.008493,0.008493,0.008493,0
945,945,1694101500000,0.008493,0.008493,0.008493,0.008493,0
946,946,1694101560000,0.008493,0.008493,0.008493,0.008493,0
947,947,1694101620000,0.008493,0.008493,0.008493,0.008493,0
948,948,1694101680000,0.008493,0.008493,0.008493,0.008493,0
949,949,1694101740000,0.008493,0.008493,0.008493,0.008493,0
950,950,1694101800000,0.008493,0.008493,0.008493,0.008493,0
951,951,1694101860000,0.008493,0.008493,0.008493,0.008493,0
952,952,1694101920000,0.008493,0.008493,0.008493,0.008493,0
953,953,1694101980000,0.008493,0.008493,0.008493,0.008493,0
954,954,1694102040000,0.008493,0.008493,0.008493,0.008493,0
955,955,1694102100000,0.008493,0.008493,0.008493,0.008493,0
956,956,1694102160000,0.008493,0.008493,0.008493,0.008493,0
957,957,1694102220000,0.008493,0.008493,0.008493,0.008493,0
958,958,1694102280000,0.008493,0.008493,0.008493,0.008493,0
959,959,1694102340000,0.008493,0.008493,0.008493,0.008493,0
960,960,1694102400000,0.008493,0.008493,0.008493,0.008493,0
961,961,1694102460000,0.008493,0.008493,0.008493,0.008493,0
962,962,1694102520000,0.008493,0.008493,0.008493,0.008493,0
963,963,1694102580000,0.008493,0.008493,0.008493,0.008493,0
964,964,1694102640000,0.008493,0.008493,0.008493,0.008493,0
965,965,1694102700000,0.008493,0.008493,0.008493,0.008493,0
966,966,1694102760000,0.008493,0.008493,0.008493,0.008493,0
967,967,1694102820000,0.008493,0.008493,0.008493,0.008493,0
968,968,1694102880000,0.008493,0.008493,0.008493,0.008493,0
969,969,1694102940000,0.008493,0.008493,0.008493,0.008493,0
970,970,1694103000000,0.008493,0.008493,0.008493,0.008493,0
971,971,1694103060000,0.008493,0.008493,0.008493,0.008493,0
972,972,1694103120000,0.008493,0.008493,0.008493,0.008493,0
973,973,1694103180000,0.008493,0.008493,0.008493,0.008493,0
974,974,1694103240000,0.008493,0.008493,0.008493,0.008493,0
975,975,1694103300000,0.008493,0.008493,0.008493,0.008493,0
976,976,1694103360000,0.008493,0.008493,0.008493,0.008493,0
977,977,1694103420000,0.008493,0.008493,0.008493,0.008493,0
978,978,1694103480000,0.008493,0.008493,0.008493,0.008493,0
979,979,1694103540000,0.008493,0.008493,0.008493,0.008493,0
980,980,1694103600000,0.008493,0.008493,0.008493,0.008493,0
981,981,1694103660000,0.008493,0.008493,0.008493,0.008493,0
982,982,1694103720000,0.008493,0.008493,0.008493,0.008493,0
983,983,1694103780000,0.008493,0.008493,0.008493,0.008493,0
984,984,1694103840000,0.008493,0.008493,0.008493,0.008493,0
985,985,1694103900000,0.008493,0.008493,0.008493,0.008493,0
986,986,1694103960000,0.008493,0.008493,0.008493,0.008493,0
987,987,1694104020000,0.008493,0.008493,0.008493,0.008493,0
988,988,1694104080000,0.008493,0.008493,0.008493,0.008493,0
989,989,1694104140000,0.008493,0.008493,0.008493,0.008493,0
990,990,1694104200000,0.008493,0.008493,0.008493,0.008493,0
991,991,1694104260000,0.008493,0.008493,0.008493,0.008493,0
992,992,1694104320000,0.008493,0.008493,0.008493,0.008493,0
993,993,1694104380000,0.008493,0.008493,0.008493,0.008493,0
994,994,1694104440000,0.008493,0.008493,0.008493,0.008493,0
995,995,1694104500000,0.008493,0.008493,0.008493,0.008493,0
996,996,1694104560000,0.008493,0.008493,0.008493,0.008493,0
997,997,1694104620000,0.008493,0.008493,0.008493,0.008493,0
998,998,1694104680000,0.008493,0.008493,0.008493,0.008493,0
999,999,1694104740000,0.008493,0.008493,0.008493,0.008493,0
1000,1000,1694104800000,0.008493,0.008493,0.008493,0.008493,0
1001,1001,1694104860000,0.008493,0.008493,0.008493,0.008493,0
1002,1002,1694104920000,0.008493,0.008493,0.008493,0.008493,0
1003,1003,1694104980000,0.008493,0.008493,0.008493,0.008493,0
1004,1004,1694105040000,0.008493,0.008493,0.008493,0.008493,0
1005,1005,1694105100000,0.008493,0.008493,0.008493,0.008493,0
1006,1006,1694105160000,0.008493,0.008493,0.008493,0.008493,0
1007,1007,1694105220000,0.008493,0.008493,0.008493,0.008493,0
1008,1008,1694105280000,0.008493,0.008493,0.008493,0.008493,0
1009,1009,1694105340000,0.008493,0.008493,0.008493,0.008493,0
1010,1010,1694105400000,0.008493,0.008493,0.008493,0.008493,0
1011,1011,1694105460000,0.008493,0.008493,0.008493,0.008493,0
1012,1012,1694105520000,0.008493,0.008493,0.008493,0.008493,0
1013,1013,1694105580000,0.008493,0.008493,0.008493,0.008493,0
1014,1014,1694105640000,0.008493,0.008493,0.008493,0.008493,0
1015,1015,1694105700000,0.008493,0.008493,0.008493,0.008493,0
1016,1016,1694105760000,0.008493,0.008493,0.008493,0.008493,0
1017,1017,1694105820000,0.008493,0.008493,0.008493,0.008493,0
1018,1018,1694105880000,0.008493,0.008493,0.008493,0.008493,0
1019,1019,1694105940000,0.008493,0.008493,0.008493,0.008493,0
1020,1020,1694106000000,0.008493,0.008493,0.008493,0.008493,0
1021,1021,1694106060000,0.008493,0.008493,0.008493,0.008493,0
1022,1022,1694106120000,0.008493,0.008493,0.008493,0.008493,0
1023,1023,1694106180000,0.008493,0.008493,0.008493,0.008493,0
1024,1024,1694106240000,0.008493,0.008493,0.008493,0.008493,0
1025,1025,1694106300000,0.008493,0.008493,0.008493,0.008493,0
1026,1026,1694106360000,0.008493,0.008493,0.008493,0.008493,0
1027,1027,1694106420000,0.008493,0.008493,0.008493,0.008493,0
1028,1028,1694106480000,0.008493,0.008493,0.008493,0.008493,0
1029,1029,1694106540000,0.008493,0.008493,0.008493,0.008493,0
1030,1030,1694106600000,0.008493,0.008493,0.008493,0.008493,0
1031,1031,1694106660000,0.008493,0.008493,0.008493,0.008493,0
1032,1032,1694106720000,0.008493,0.008493,0.008493,0.008493,0
1033,1033,1694106780000,0.008493,0.008493,0.008493,0.008493,0
1034,1034,1694106840000,0.008493,0.008493,0.008493,0.008493,0
1035,1035,1694106900000,0.008493,0.008493,0.008493,0.008493,0
1036,1036,1694106960000,0.008493,0.008493,0.008493,0.008493,0
1037,1037,1694107020000,0.008493,0.008493,0.008493,0.008493,0
1038,1038,1694107080000,0.008493,0.008493,0.008493,0.008493,0
1039,1039,1694107140000,0.008493,0.008493,0.008493,0.008493,0
1040,1040,1694107200000,0.008493,0.008493,0.008493,0.008493,0
1041,1041,1694107260000,0.008493,0.008493,0.008493,0.008493,0
1042,1042,1694107320000,0.008493,0.008493,0.008493,0.008493,0
1043,1043,1694107380000,0.008493,0.008493,0.008493,0.008493,0
1044,1044,1694107440000,0.008493,0.008493,0.008493,0.008493,0
1045,1045,1694107500000,0.008493,0.008493,0.008493,0.008493,0
1046,1046,1694107560000,0.008493,0.008493,0.008493,0.008493,0
1047,1047,1694107620000,0.008493,0.008493,0.008493,0.008493,0
1048,1048,1694107680000,0.008493,0.008493,0.008493,0.008493,0
1049,1049,1694107740000,0.008493,0.008493,0.008493,0.008493,0
1050,1050,1694107800000,0.008493,0.008493,0.008493,0.008493,0
1051,1051,1694107860000,0.008493,0.008493,0.008493,0.008493,0
1052,1052,1694107920000,0.008493,0.008493,0.008493,0.008493,0
1053,1053,1694107980000,0.008493,0.008493,0.008493,0.008493,0
1054,1054,1694108040000,0.008493,0.008493,0.008493,0.008493,0
1055,1055,1694108100000,0.008493,0.008493,0.008493,0.008493,0
1056,1056,1694108160000,0.008493,0.008493,0.008493,0.008493,0
1057,1057,1694108220000,0.008493,0.008493,0.008493,0.008493,0
1058,1058,1694108280000,0.008493,0.008493,0.008493,0.008493,0
1059,1059,1694108340000,0.008493,0.008493,0.008493,0.008493,0
1060,1060,1694108400000,0.008493,0.008493,0.008493,0.008493,0
1061,1061,1694108460000,0.008493,0.008493,0.008493,0.008493,0
1062,1062,1694108520000,0.008493,0.008493,0.008493,0.008493,0
1063,1063,1694108580000,0.008493,0.008493,0.008493,0.008493,0
1064,1064,1694108640000,0.008493,0.008493,0.008493,0.008493,0
1065,1065,1694108700000,0.008493,0.008493,0.008493,0.008493,0
1066,1066,1694108760000,0.008493,0.008493,0.008493,0.008493,0
1067,1067,1694108820000,0.008493,0.008493,0.008493,0.008493,0
1068,1068,1694108880000,0.008493,0.008493,0.008493,0.008493,0
1069,1069,1694108940000,0.008493,0.008493,0.008493,0.008493,0
1070,1070,1694109000000,0.008493,0.008493,0.008493,0.008493,0
1071,1071,1694109060000,0.008493,0.008493,0.008493,0.008493,0
1072,1072,1694109120000,0.008493,0.008493,0.008493,0.008493,0
1073,1073,1694109180000,0.008493,0.008493,0.008493,0.008493,0
1074,1074,1694109240000,0.008493,0.008493,0.008493,0.008493,0
1075,1075,1694109300000,0.008493,0.008493,0.008493,0.008493,0
1076,1076,1694109360000,0.008493,0.008493,0.008493,0.008493,0
1077,1077,1694109420000,0.008493,0.008493,0.008493,0.008493,0
1078,1078,1694109480000,0.008493,0.008493,0.008493,0.008493,0
1079,1079,1694109540000,0.008493,0.008493,0.008493,0.008493,0
1080,1080,1694109600000,0.008493,0.008493,0.008493,0.008493,0
1081,1081,1694109660000,0.008493,0.008493,0.008493,0.008493,0
1082,1082,1694109720000,0.008493,0.008493,0.008493,0.008493,0
1083,1083,1694109780000,0.008493,0.008493,0.008493,0.008493,0
1084,1084,1694109840000,0.008493,0.008493,0.008493,0.008493,0
1085,1085,1694109900000,0.008493,0.008493,0.008493,0.008493,0
1086,1086,1694109960000,0.008493,0.008493,0.008493,0.008493,0
1087,1087,1694110020000,0.008493,0.008493,0.008493,0.008493,0
1088,1088,1694110080000,0.008493,0.008493,0.008493,0.008493,0
1089,1089,1694110140000,0.008493,0.008493,0.008493,0.008493,0
1090,1090,1694110200000,0.008493,0.008493,0.008493,0.008493,0
1091,1091,1694110260000,0.008493,0.008493,0.008493,0.008493,0
1092,1092,1694110320000,0.008493,0.008493,0.008493,0.008493,0
1093,1093,1694110380000,0.008493,0.008493,0.008493,0.008493,0
1094,1094,1694110440000,0.008493,0.008493,0.008493,0.008493,0
1095,1095,1694110500000,0.008493,0.008493,0.008493,0.008493,0
1096,1096,1694110560000,0.008493,0.008493,0.008493,0.008493,0
1097,1097,1694110620000,0.008493,0.008493,0.008493,0.008493,0
1098,1098,1694110680000,0.008493,0.008493,0.008493,0.008493,0
1099,1099,1694110740000,0.008493,0.008493,0.008493,0.008493,0
1100,1100,1694110800000,0.008493,0.008493,0.008493,0.008493,0
1101,1101,1694110860000,0.008493,0.008493,0.008493,0.008493,0
1102,1102,1694110920000,0.008493,0.008493,0.008493,0.008493,0
1103,1103,1694110980000,0.008493,0.008493,0.008493,0.008493,0
1104,1104,1694111040000,0.008493,0.008493,0.008493,0.008493,0
1105,1105,1694111100000,0.008493,0.008493,0.008493,0.008493,0
1106,1106,1694111160000,0.008493,0.008493,0.008493,0.008493,0
1107,1107,1694111220000,0.008493,0.008493,0.008493,0.008493,0
1108,1108,1694111280000,0.008493,0.008493,0.008493,0.008493,0
1109,1109,1694111340000,0.008493,0.008493,0.008493,0.008493,0
1110,1110,1694111400000,0.008493,0.008493,0.008493,0.008493,0
1111,1111,1694111460000,0.008493,0.008493,0.008493,0.008493,0
1112,1112,1694111520000,0.008493,0.008493,0.008493,0.008493,0
1113,1113,1694111580000,0.008493,0.008493,0.008493,0.008493,0
1114,1114,1694111640000,0.008493,0.008493,0.008493,0.008493,0
1115,1115,1694111700000,0.008493,0.008493,0.008493,0.008493,0
1116,1116,1694111760000,0.008493,0.008493,0.008493,0.008493,0
1117,1117,1694111820000,0.008493,0.008493,0.008493,0.008493,0
1118,1118,1694111880000,0.008493,0.008493,0.008493,0.008493,0
1119,1119,1694111940000,0.008493,0.008493,0.008493,0.008493,0
1120,1120,1694112000000,0.008493,0.008493,0.008493,0.008493,0
1121,1121,1694112060000,0.008493,0.008493,0.008493,0.008493,0
1122,1122,1694112120000,0.008493,0.008493,0.008493,0.008493,0
1123,1123,1694112180000,0.008493,0.008493,0.008493,0.008493,0
1124,1124,1694112240000,0.008493,0.008493,0.008493,0.008493,0
1125,1125,1694112300000,0.008493,0.008493,0.008493,0.008493,0
1126,1126,1694112360000,0.008493,0.008493,0.008493,0.008493,0
1127,1127,1694112420000,0.008493,0.008493,0.008493,0.008493,0
1128,1128,1694112480000,0.008493,0.008493,0.008493,0.008493,0
1129,1129,1694112540000,0.008493,0.008493,0.008493,0.008493,0
1130,1130,1694112600000,0.008493,0.008493,0.008493,0.008493,0
1131,1131,1694112660000,0.008493,0.008493,0.008493,0.008493,0
1132,1132,1694112720000,0.008493,0.008493,0.008493,0.008493,0
1133,1133,1694112780000,0.008493,0.008493,0.008493,0.008493,0
1134,1134,1694112840000,0.008493,0.008493,0.008493,0.008493,0
1135,1135,1694112900000,0.008493,0.008493,0.008493,0.008493,0
1136,1136,1694112960000,0.008493,0.008493,0.008493,0.008493,0
1137,1137,1694113020000,0.008493,0.008493,0.008493,0.008493,0
1138,1138,1694113080000,0.008493,0.008493,0.008493,0.008493,0
1139,1139,1694113140000,0.008493,0.008493,0.008493,0.008493,0
1140,1140,1694113200000,0.008493,0.008493,0.008493,0.008493,0
1141,1141,1694113260000,0.008493,0.008493,0.008493,0.008493,0
1142,1142,1694113320000,0.008493,0.008493,0.008493,0.008493,0
1143,1143,1694113380000,0.008493,0.008493,0.008493,0.008493,0
1144,1144,1694113440000,0.008493,0.008493,0.008493,0.008493,0
1145,1145,1694113500000,0.008493,0.008493,0.008493,0.008493,0
1146,1146,1694113560000,0.008493,0.008493,0.008493,0.008493,0
1147,1147,1694113620000,0.008493,0.008493,0.008493,0.008493,0
1148,1148,1694113680000,0.008493,0.008493,0.008493,0.008493,0
1149,1149,1694113740000,0.008493,0.008493,0.008493,0.008493,0
1150,1150,1694113800000,0.008493,0.008493,0.008493,0.008493,0
1151,1151,1694113860000,0.008493,0.008493,0.008493,0.008493,0
1152,1152,1694113920000,0.008493,0.008493,0.008493,0.008493,0
1153,1153,1694113980000,0.008493,0.008493,0.008493,0.008493,0
1154,1154,1694114040000,0.008493,0.008493,0.008493,0.008493,0
1155,1155,1694114100000,0.008493,0.008493,0.008493,0.008493,0
1156,1156,1694114160000,0.008493,0.008493,0.008493,0.008493,0
1157,1157,1694114220000,0.008493,0.008493,0.008493,0.008493,0
1158,1158,1694114280000,0.008493,0.008493,0.008493,0.008493,0
1159,1159,1694114340000,0.008493,0.008493,0.008493,0.008493,0
1160,1160,1694114400000,0.008493,0.008493,0.008493,0.008493,0
1161,1161,1694114460000,0.008493,0.008493,0.008493,0.008493,0
1162,1162,1694114520000,0.008493,0.008493,0.008493,0.008493,0
1163,1163,1694114580000,0.008493,0.008493,0.008493,0.008493,0
1164,1164,1694114640000,0.008493,0.008493,0.008493,0.008493,0
1165,1165,1694114700000,0.008493,0.008493,0.008493,0.008493,0
1166,1166,1694114760000,0.008493,0.008493,0.008493,0.008493,0
1167,1167,1694114820000,0.008493,0.008493,0.008493,0.008493,0
1168,1168,1694114880000,0.008493,0.008493,0.008493,0.008493,0
1169,1169,1694114940000,0.008493,0.008493,0.008493,0.008493,0
1170,1170,1694115000000,0.008493,0.008493,0.008493,0.008493,0
1171,1171,1694115060000,0.008493,0.008493,0.008493,0.008493,0
1172,1172,1694115120000,0.008493,0.008493,0.008493,0.008493,0
1173,1173,1694115180000,0.008493,0.008493,0.008493,0.008493,0
1174,1174,1694115240000,0.008493,0.008493,0.008493,0.008493,0
1175,1175,1694115300000,0.008493,0.008493,0.008493,0.008493,0
1176,1176,1694115360000,0.008493,0.008493,0.008493,0.008493,0
1177,1177,1694115420000,0.008493,0.008493,0.008493,0.008493,0
1178,1178,1694115480000,0.008493,0.008493,0.008493,0.008493,0
1179,1179,1694115540000,0.008493,0.008493,0.008493,0.008493,0
1180,1180,1694115600000,0.008493,0.008493,0.008493,0.008493,0
1181,1181,1694115660000,0.008493,0.008493,0.008493,0.008493,0
1182,1182,1694115720000,0.008493,0.008493,0.008493,0.008493,0
1183,1183,1694115780000,0.008493,0.008493,0.008493,0.008493,0
1184,1184,1694115840000,0.008493,0.008493,0.008493,0.008493,0
1185,1185,1694115900000,0.008493,0.008493,0.008493,0.008493,0
1186,1186,1694115960000,0.008493,0.008493,0.008493,0.008493,0
1187,1187,1694116020000,0.008493,0.008493,0.008493,0.008493,0
1188,1188,1694116080000,0.008493,0.008493,0.008493,0.008493,0
1189,1189,1694116140000,0.008493,0.008493,0.008493,0.008493,0
1190,1190,1694116200000,0.008493,0.008493,0.008493,0.008493,0
1191,1191,1694116260000,0.008493,0.008493,0.008493,0.008493,0
1192,1192,1694116320000,0.008493,0.008493,0.008493,0.008493,0
1193,1193,1694116380000,0.008493,0.008493,0.008493,0.008493,0
1194,1194,1694116440000,0.008493,0.008493,0.008493,0.008493,0
1195,1195,1694116500000,0.008493,0.008493,0.008493,0.008493,0
1196,1196,1694116560000,0.008493,0.008493,0.008493,0.008493,0
1197,1197,1694116620000,0.008493,0.008493,0.008493,0.008493,0
1198,1198,1694116680000,0.008493,0.008493,0.008493,0.008493,0
1199,1199,1694116740000,0.008493,0.008493,0.008493,0.008493,0
1200,1200,1694116800000,0.008493,0.008493,0.008493,0.008493,0
1201,1201,1694116860000,0.008493,0.008493,0.008493,0.008493,0
1202,1202,1694116920000,0.008493,0.008493,0.008493,0.008493,0
1203,1203,1694116980000,0.008493,0.008493,0.008493,0.008493,0
1204,1204,1694117040000,0.008493,0.008493,0.008493,0.008493,0
1205,1205,1694117100000,0.008493,0.008493,0.008493,0.008493,0
1206,1206,1694117160000,0.008493,0.008493,0.008493,0.008493,0
1207,1207,1694117220000,0.008493,0.008493,0.008493,0.008493,0
1208,1208,1694117280000,0.008493,0.008493,0.008493,0.008493,0
1209,1209,1694117340000,0.008493,0.008493,0.008493,0.008493,0
1210,1210,1694117400000,0.008493,0.008493,0.008493,0.008493,0
1211,1211,1694117460000,0.008493,0.008493,0.008493,0.008493,0
1212,1212,1694117520000,0.008493,0.008493,0.008493,0.008493,0
1213,1213,1694117580000,0.008493,0.008493,0.008493,0.008493,0
1214,1214,1694117640000,0.008493,0.008493,0.008493,0.008493,0
1215,1215,1694117700000,0.008493,0.008493,0.008493,0.008493,0
1216,1216,1694117760000,0.008493,0.008493,0.008493,0.008493,0
1217,1217,1694117820000,0.008493,0.008493,0.008493,0.008493,0
1218,1218,1694117880000,0.008493,0.008493,0.008493,0.008493,0
1219,1219,1694117940000,0.008493,0.008493,0.008493,0.008493,0
1220,1220,1694118000000,0.008493,0.008493,0.008493,0.008493,0
1221,1221,1694118060000,0.008493,0.008493,0.008493,0.008493,0
1222,1222,1694118120000,0.008493,0.008493,0.008493,0.008493,0
1223,1223,1694118180000,0.008493,0.008493,0.008493,0.008493,0
1224,1224,1694118240000,0.008493,0.008493,0.008493,0.008493,0
1225,1225,1694118300000,0.008493,0.008493,0.008493,0.008493,0
1226,1226,1694118360000,0.008493,0.008493,0.008493,0.008493,0
1227,1227,1694118420000,0.008493,0.008493,0.008493,0.008493,0
1228,1228,1694118480000,0.008493,0.008493,0.008493,0.008493,0
1229,1229,1694118540000,0.008493,0.008493,0.008493,0.008493,0
1230,1230,1694118600000,0.008493,0.008493,0.008493,0.008493,0
1231,1231,1694118660000,0.008493,0.008493,0.008493,0.008493,0
1232,1232,1694118720000,0.008493,0.008493,0.008493,0.008493,0
1233,1233,1694118780000,0.008493,0.008493,0.008493,0.008493,0
1234,1234,1694118840000,0.008493,0.008493,0.008493,0.008493,0
1235,1235,1694118900000,0.008493,0.008493,0.008493,0.008493,0
1236,1236,1694118960000,0.008493,0.008493,0.008493,0.008493,0
1237,1237,1694119020000,0.008493,0.008493,0.008493,0.008493,0
1238,1238,1694119080000,0.008493,0.008493,0.008493,0.008493,0
1239,1239,1694119140000,0.008493,0.008493,0.008493,0.008493,0
1240,1240,1694119200000,0.008493,0.008493,0.008493,0.008493,0
1241,1241,1694119260000,0.008493,0.008493,0.008493,0.008493,0
1242,1242,1694119320000,0.008493,0.008493,0.008493,0.008493,0
1243,1243,1694119380000,0.008493,0.008493,0.008493,0.008493,0
1244,1244,1694119440000,0.008493,0.008493,0.008493,0.008493,0
1245,1245,1694119500000,0.008493,0.008493,0.008493,0.008493,0
1246,1246,1694119560000,0.008493,0.008493,0.008493,0.008493,0
1247,1247,1694119620000,0.008493,0.008493,0.008493,0.008493,0
1248,1248,1694119680000,0.008493,0.008493,0.008493,0.008493,0
1249,1249,1694119740000,0.008493,0.008493,0.008493,0.008493,0
1250,1250,1694119800000,0.008493,0.008493,0.008493,0.008493,0
1251,1251,1694119860000,0.008493,0.008493,0.008493,0.008493,0
1252,1252,1694119920000,0.008493,0.008493,0.008493,0.008493,0
1253,1253,1694119980000,0.008493,0.008493,0.008493,0.008493,0
1254,1254,1694120040000,0.008493,0.008493,0.008493,0.008493,0
1255,1255,1694120100000,0.008493,0.008493,0.008493,0.008493,0
1256,1256,1694120160000,0.008493,0.008493,0.008493,0.008493,0
1257,1257,1694120220000,0.008493,0.008493,0.008493,0.008493,0
1258,1258,1694120280000,0.008493,0.008493,0.008493,0.008493,0
1259,1259,1694120340000,0.008493,0.008493,0.008493,0.008493,0
1260,1260,1694120400000,0.008493,0.008493,0.008493,0.008493,0
1261,1261,1694120460000,0.008493,0.008493,0.008493,0.008493,0
1262,1262,1694120520000,0.008493,0.008493,0.008493,0.008493,0
1263,1263,1694120580000,0.008493,0.008493,0.008493,0.008493,0
1264,1264,1694120640000,0.008493,0.008493,0.008493,0.008493,0
1265,1265,1694120700000,0.008493,0.008493,0.008493,0.008493,0
1266,1266,1694120760000,0.008493,0.008493,0.008493,0.008493,0
1267,1267,1694120820000,0.008493,0.008493,0.008493,0.008493,0
1268,1268,1694120880000,0.008493,0.008493,0.008493,0.008493,0
1269,1269,1694120940000,0.008493,0.008493,0.008493,0.008493,0
1270,1270,1694121000000,0.008493,0.008493,0.008493,0.008493,0
1271,1271,1694121060000,0.008493,0.008493,0.008493,0.008493,0
1272,1272,1694121120000,0.008493,0.008493,0.008493,0.008493,0
1273,1273,1694121180000,0.008493,0.008493,0.008493,0.008493,0
1274,1274,1694121240000,0.008493,0.008493,0.008493,0.008493,0
1275,1275,1694121300000,0.008493,0.008493,0.008493,0.008493,0
1276,1276,1694121360000,0.008493,0.008493,0.008493,0.008493,0
1277,1277,1694121420000,0.008493,0.008493,0.008493,0.008493,0
1278,1278,1694121480000,0.008493,0.008493,0.008493,0.008493,0
1279,1279,1694121540000,0.008493,0.008493,0.008493,0.008493,0
1280,1280,1694121600000,0.008493,0.008493,0.008493,0.008493,0
1281,1281,1694121660000,0.008493,0.008493,0.008493,0.008493,0
1282,1282,1694121720000,0.008493,0.008493,0.008493,0.008493,0
1283,1283,1694121780000,0.008493,0.008493,0.008493,0.008493,0
1284,1284,1694121840000,0.008493,0.008493,0.008493,0.008493,0
1285,1285,1694121900000,0.008493,0.008493,0.008493,0.008493,0
1286,1286,1694121960000,0.008493,0.008493,0.008493,0.008493,0
1287,1287,1694122020000,0.008493,0.008493,0.008493,0.008493,0
1288,1288,1694122080000,0.008493,0.008493,0.008493,0.008493,0
1289,1289,1694122140000,0.008493,0.008493,0.008493,0.008493,0
1290,1290,1694122200000,0.008493,0.008493,0.008493,0.008493,0
1291,1291,1694122260000,0.008493,0.008493,0.008493,0.008493,0
1292,1292,1694122320000,0.008493,0.008493,0.008493,0.008493,0
1293,1293,1694122380000,0.008493,0.008493,0.008493,0.008493,0
1294,1294,1694122440000,0.008493,0.008493,0.008493,0.008493,0
1295,1295,1694122500000,0.008493,0.008493,0.008493,0.008493,0
1296,1296,1694122560000,0.008493,0.008493,0.008493,0.008493,0
1297,1297,1694122620000,0.008493,0.008493,0.008493,0.008493,0
1298,1298,1694122680000,0.008493,0.008493,0.008493,0.008493,0
1299,1299,1694122740000,0.008493,0.008493,0.008493,0.008493,0
1300,1300,1694122800000,0.008493,0.008493,0.008493,0.008493,0
1301,1301,1694122860000,0.008493,0.008493,0.008493,0.008493,0
1302,1302,1694122920000,0.008493,0.008493,0.008493,0.008493,0
1303,1303,1694122980000,0.008493,0.008493,0.008493,0.008493,0
1304,1304,1694123040000,0.008493,0.008493,0.008493,0.008493,0
1305,1305,1694123100000,0.008493,0.008493,0.008493,0.008493,0
1306,1306,1694123160000,0.008493,0.008493,0.008493,0.008493,0
1307,1307,1694123220000,0.008493,0.008493,0.008493,0.008493,0
1308,1308,1694123280000,0.008493,0.008493,0.008493,0.008493,0
1309,1309,1694123340000,0.008493,0.008493,0.008493,0.008493,0
1310,1310,1694123400000,0.008493,0.008493,0.008493,0.008493,0
1311,1311,1694123460000,0.008493,0.008493,0.008493,0.008493,0
1312,1312,1694123520000,0.008493,0.008493,0.008493,0.008493,0
1313,1313,1694123580000,0.008493,0.008493,0.008493,0.008493,0
1314,1314,1694123640000,0.008493,0.008493,0.008493,0.008493,0
1315,1315,1694123700000,0.008493,0.008493,0.008493,0.008493,0
1316,1316,1694123760000,0.008493,0.008493,0.008493,0.008493,0
1317,1317,1694123820000,0.008493,0.008493,0.008493,0.008493,0
1318,1318,1694123880000,0.008493,0.008493,0.008493,0.008493,0
1319,1319,1694123940000,0.008493,0.008493,0.008493,0.008493,0
1320,1320,1694124000000,0.008493,0.008493,0.008493,0.008493,0
1321,1321,1694124060000,0.008493,0.008493,0.008493,0.008493,0
1322,1322,1694124120000,0.008493,0.008493,0.008493,0.008493,0
1323,1323,1694124180000,0.008493,0.008493,0.008493,0.008493,0
1324,1324,1694124240000,0.008493,0.008493,0.008493,0.008493,0
1325,1325,1694124300000,0.008493,0.008493,0.008493,0.008493,0
1326,1326,1694124360000,0.008493,0.008493,0.008493,0.008493,0
1327,1327,1694124420000,0.008493,0.008493,0.008493,0.008493,0
1328,1328,1694124480000,0.008493,0.008493,0.008493,0.008493,0
1329,1329,1694124540000,0.008493,0.008493,0.008493,0.008493,0
1330,1330,1694124600000,0.008493,0.008493,0.008493,0.008493,0
1331,1331,1694124660000,0.008493,0.008493,0.008493,0.008493,0
1332,1332,1694124720000,0.008493,0.008493,0.008493,0.008493,0
1333,1333,1694124780000,0.008493,0.008493,0.008493,0.008493,0
1334,1334,1694124840000,0.008493,0.008493,0.008493,0.008493,0
1335,1335,1694124900000,0.008493,0.008493,0.008493,0.008493,0
1336,1336,1694124960000,0.008493,0.008493,0.008493,0.008493,0
1337,1337,1694125020000,0.008493,0.008493,0.008493,0.008493,0
1338,1338,1694125080000,0.008493,0.008493,0.008493,0.008493,0
1339,1339,1694125140000,0.008493,0.008493,0.008493,0.008493,0
1340,1340,1694125200000,0.008493,0.008493,0.008493,0.008493,0
1341,1341,1694125260000,0.008493,0.008493,0.008493,0.008493,0
1342,1342,1694125320000,0.008493,0.008493,0.008493,0.008493,0
1343,1343,1694125380000,0.008493,0.008493,0.008493,0.008493,0
1344,1344,1694125440000,0.008493,0.008493,0.008493,0.008493,0
1345,1345,1694125500000,0.008493,0.008493,0.008493,0.008493,0
1346,1346,1694125560000,0.008493,0.008493,0.008493,0.008493,0
1347,1347,1694125620000,0.008493,0.008493,0.008493,0.008493,0
1348,1348,1694125680000,0.008493,0.008493,0.008493,0.008493,0
1349,1349,1694125740000,0.008493,0.008493,0.008493,0.008493,0
1350,1350,1694125800000,0.008493,0.008493,0.008493,0.008493,0
1351,1351,1694125860000,0.008493,0.008493,0.008493,0.008493,0
1352,1352,1694125920000,0.008493,0.008493,0.008493,0.008493,0
1353,1353,1694125980000,0.008493,0.008493,0.008493,0.008493,0
1354,1354,1694126040000,0.008493,0.008493,0.008493,0.008493,0
1355,1355,1694126100000,0.008493,0.008493,0.008493,0.008493,0
1356,1356,1694126160000,0.008493,0.008493,0.008493,0.008493,0
1357,1357,1694126220000,0.008493,0.008493,0.008493,0.008493,0
1358,1358,1694126280000,0.008493,0.008493,0.008493,0.008493,0
1359,1359,1694126340000,0.008493,0.008493,0.008493,0.008493,0
1360,1360,1694126400000,0.008493,0.008493,0.008493,0.008493,0
1361,1361,1694126460000,0.008493,0.008493,0.008493,0.008493,0
1362,1362,1694126520000,0.008493,0.008493,0.008493,0.008493,0
1363,1363,1694126580000,0.008493,0.008493,0.008493,0.008493,0
1364,1364,1694126640000,0.008493,0.008493,0.008493,0.008493,0
1365,1365,1694126700000,0.008493,0.008493,0.008493,0.008493,0
1366,1366,1694126760000,0.008493,0.008493,0.008493,0.008493,0
1367,1367,1694126820000,0.008493,0.008493,0.008493,0.008493,0
1368,1368,1694126880000,0.008493,0.008493,0.008493,0.008493,0
1369,1369,1694126940000,0.008493,0.008493,0.008493,0.008493,0
1370,1370,1694127000000,0.008493,0.008493,0.008493,0.008493,0
1371,1371,1694127060000,0.008493,0.008493,0.008493,0.008493,0
1372,1372,1694127120000,0.008493,0.008493,0.008493,0.008493,0
1373,1373,1694127180000,0.008493,0.008493,0.008493,0.008493,0
1374,1374,1694127240000,0.008493,0.008493,0.008493,0.008493,0
1375,1375,1694127300000,0.008493,0.008493,0.008493,0.008493,0
1376,1376,1694127360000,0.008493,0.008493,0.008493,0.008493,0
1377,1377,1694127420000,0.008493,0.008493,0.008493,0.008493,0
1378,1378,1694127480000,0.008493,0.008493,0.008493,0.008493,0
1379,1379,1694127540000,0.008493,0.008493,0.008493,0.008493,0
1380,1380,1694127600000,0.008493,0.008493,0.008493,0.008493,0
1381,1381,1694127660000,0.008493,0.008493,0.008493,0.008493,0
1382,1382,1694127720000,0.008493,0.008493,0.008493,0.008493,0
1383,1383,1694127780000,0.008493,0.008493,0.008493,0.008493,0
1384,1384,1694127840000,0.008493,0.008493,0.008493,0.008493,0
1385,1385,1694127900000,0.008493,0.008493,0.008493,0.008493,0
1386,1386,1694127960000,0.008493,0.008493,0.008493,0.008493,0
1387,1387,1694128020000,0.008493,0.008493,0.008493,0.008493,0
1388,1388,1694128080000,0.008493,0.008493,0.008493,0.008493,0
1389,1389,1694128140000,0.008493,0.008493,0.008493,0.008493,0
1390,1390,1694128200000,0.008493,0.008493,0.008493,0.008493,0
1391,1391,1694128260000,0.008493,0.008493,0.008493,0.008493,0
1392,1392,1694128320000,0.008493,0.008493,0.008493,0.008493,0
1393,1393,1694128380000,0.008493,0.008493,0.008493,0.008493,0
1394,1394,1694128440000,0.008493,0.008493,0.008493,0.008493,0
1395,1395,1694128500000,0.008493,0.008493,0.008493,0.008493,0
1396,1396,1694128560000,0.008493,0.008493,0.008493,0.008493,0
1397,1397,1694128620000,0.008493,0.008493,0.008493,0.008493,0
1398,1398,1694128680000,0.008493,0.008493,0.008493,0.008493,0
1399,1399,1694128740000,0.008493,0.008493,0.008493,0.008493,0
1400,1400,1694128800000,0.008493,0.008493,0.008493,0.008493,0
1401,1401,1694128860000,0.008493,0.008493,0.008493,0.008493,0
1402,1402,1694128920000,0.008493,0.008493,0.008493,0.008493,0
1403,1403,1694128980000,0.008493,0.008493,0.008493,0.008493,0
1404,1404,1694129040000,0.008493,0.008493,0.008493,0.008493,0
1405,1405,1694129100000,0.008493,0.008493,0.008493,0.008493,0
1406,1406,1694129160000,0.008493,0.008493,0.008493,0.008493,0
1407,1407,1694129220000,0.008493,0.008493,0.008493,0.008493,0
1408,1408,1694129280000,0.008493,0.008493,0.008493,0.008493,0
1409,1409,1694129340000,0.008493,0.008493,0.008493,0.008493,0
1410,1410,1694129400000,0.008493,0.008493,0.008493,0.008493,0
1411,1411,1694129460000,0.008493,0.008493,0.008493,0.008493,0
1412,1412,1694129520000,0.008493,0.008493,0.008493,0.008493,0
1413,1413,1694129580000,0.008493,0.008493,0.008493,0.008493,0
1414,1414,1694129640000,0.008493,0.008493,0.008493,0.008493,0
1415,1415,1694129700000,0.008493,0.008493,0.008493,0.008493,0
1416,1416,1694129760000,0.008493,0.008493,0.008493,0.008493,0
1417,1417,1694129820000,0.008493,0.008493,0.008493,0.008493,0
1418,1418,1694129880000,0.008493,0.008493,0.008493,0.008493,0
1419,1419,1694129940000,0.008493,0.008493,0.008493,0.008493,0
1420,1420,1694130000000,0.008493,0.008493,0.008493,0.008493,0
1421,1421,1694130060000,0.008493,0.008493,0.008493,0.008493,0
1422,1422,1694130120000,0.008493,0.008493,0.008493,0.008493,0
1423,1423,1694130180000,0.008493,0.008493,0.008493,0.008493,0
1424,1424,1694130240000,0.008493,0.008493,0.008493,0.008493,0
1425,1425,1694130300000,0.008493,0.008493,0.008493,0.008493,0
1426,1426,1694130360000,0.008493,0.008493,0.008493,0.008493,0
1427,1427,1694130420000,0.008493,0.008493,0.008493,0.008493,0
1428,1428,1694130480000,0.008493,0.008493,0.008493,0.008493,0
1429,1429,1694130540000,0.008493,0.008493,0.008493,0.008493,0
1430,1430,1694130600000,0.008493,0.008493,0.008493,0.008493,0
1431,1431,1694130660000,0.008493,0.008493,0.008493,0.008493,0
1432,1432,1694130720000,0.008493,0.008493,0.008493,0.008493,0
1433,1433,1694130780000,0.008493,0.008493,0.008493,0.008493,0
1434,1434,1694130840000,0.008493,0.008493,0.008493,0.008493,0
1435,1435,1694130900000,0.008493,0.008493,0.008493,0.008493,0
1436,1436,1694130960000,0.008493,0.008493,0.008493,0.008493,0
1437,1437,1694131020000,0.008493,0.008493,0.008493,0.008493,0
1438,1438,1694131080000,0.008493,0.008493,0.008493,0.008493,0
1439,1439,1694131140000,0.008493,0.008493,0.008493,0.008493,0
