,index,timestamp,open,high,low,close,volume
0,0,1693958400000,191.89,191.91,191.62,191.65,1417.0
1,1,1693958460000,191.64,191.66,191.4,191.5,2885.389
2,2,1693958520000,191.5,191.67,191.5,191.66,1004.877
3,3,1693958580000,191.66,191.7,191.59,191.6,708.717
4,4,1693958640000,191.59,191.72,191.59,191.7,627.575
5,5,1693958700000,191.7,191.8,191.65,191.77,949.612
6,6,1693958760000,191.76,191.96,191.76,191.96,570.742
7,7,1693958820000,191.96,192.12,191.93,192.04,440.008
8,8,1693958880000,192.04,192.12,192.04,192.12,288.356
9,9,1693958940000,192.11,192.27,192.11,192.22,578.966
10,10,1693959000000,192.21,192.25,192.14,192.14,301.296
11,11,1693959060000,192.14,192.25,192.06,192.25,648.986
12,12,1693959120000,192.24,192.34,192.2,192.26,1266.47
13,13,1693959180000,192.25,192.25,192.1,192.18,350.602
14,14,1693959240000,192.18,192.23,192.16,192.16,284.529
15,15,1693959300000,192.15,192.17,191.98,192.03,535.963
16,16,1693959360000,192.02,192.19,192.01,192.16,396.825
17,17,1693959420000,192.16,192.21,192.16,192.18,133.126
18,18,1693959480000,192.18,192.24,192.11,192.11,424.378
19,19,1693959540000,192.1,192.15,192.09,192.09,227.077
20,20,1693959600000,192.09,192.09,191.98,191.99,297.655
21,21,1693959660000,191.99,192.05,191.88,191.92,310.481
22,22,1693959720000,191.92,191.98,191.65,191.75,2429.164
23,23,1693959780000,191.75,191.8,191.7,191.78,766.34
24,24,1693959840000,191.78,191.89,191.78,191.89,258.575
25,25,1693959900000,191.88,191.93,191.59,191.59,851.083
26,26,1693959960000,191.59,191.59,191.46,191.49,567.187
27,27,1693960020000,191.48,191.61,191.48,191.53,337.598
28,28,1693960080000,191.52,191.58,191.44,191.46,195.361
29,29,1693960140000,191.45,191.58,191.45,191.55,361.285
30,30,1693960200000,191.54,191.62,191.51,191.54,611.894
31,31,1693960260000,191.53,191.54,191.3,191.31,854.835
32,32,1693960320000,191.31,191.32,191.02,191.14,992.735
33,33,1693960380000,191.13,191.29,191.13,191.24,717.971
34,34,1693960440000,191.23,191.4,191.23,191.39,732.271
35,35,1693960500000,191.38,191.53,191.27,191.53,493.153
36,36,1693960560000,191.53,191.82,191.53,191.77,846.998
37,37,1693960620000,191.77,191.77,191.59,191.65,441.017
38,38,1693960680000,191.65,191.65,191.47,191.51,326.151
39,39,1693960740000,191.52,191.57,191.52,191.53,176.099
40,40,1693960800000,191.53,191.54,191.32,191.37,565.788
41,41,1693960860000,191.37,191.52,191.37,191.49,177.94
42,42,1693960920000,191.49,191.54,191.42,191.49,251.864
43,43,1693960980000,191.48,191.48,191.4,191.42,152.507
44,44,1693961040000,191.42,191.43,191.3,191.32,249.059
45,45,1693961100000,191.32,191.51,191.26,191.5,361.232
46,46,1693961160000,191.5,191.51,191.36,191.36,153.235
47,47,1693961220000,191.36,191.5,191.3,191.44,313.907
48,48,1693961280000,191.45,191.48,191.37,191.48,257.292
49,49,1693961340000,191.48,191.5,191.44,191.48,160.046
50,50,1693961400000,191.48,191.71,191.38,191.61,800.601
51,51,1693961460000,191.6,191.64,191.49,191.63,429.644
52,52,1693961520000,191.63,191.63,191.38,191.38,338.718
53,53,1693961580000,191.38,191.38,191.27,191.31,371.133
54,54,1693961640000,191.31,191.39,191.27,191.34,207.92
55,55,1693961700000,191.34,191.41,191.27,191.28,340.56
56,56,1693961760000,191.27,191.27,191.17,191.24,494.725
57,57,1693961820000,191.24,191.52,191.24,191.51,511.495
58,58,1693961880000,191.5,191.55,191.5,191.55,114.894
59,59,1693961940000,191.55,191.72,191.53,191.7,391.754
60,60,1693962000000,191.71,191.72,191.63,191.67,297.13
61,61,1693962060000,191.67,191.71,191.56,191.71,338.855
62,62,1693962120000,191.7,191.85,191.65,191.74,535.264
63,63,1693962180000,191.75,191.82,191.68,191.68,248.644
64,64,1693962240000,191.68,191.71,191.64,191.71,194.223
65,65,1693962300000,191.71,191.81,191.57,191.79,1614.922
66,66,1693962360000,191.78,191.81,191.75,191.8,191.079
67,67,1693962420000,191.8,192.04,191.8,192.03,668.721
68,68,1693962480000,192.04,192.12,192.03,192.09,455.563
69,69,1693962540000,192.08,192.22,192.02,192.18,848.99
70,70,1693962600000,192.18,192.5,192.17,192.47,2780.156
71,71,1693962660000,192.47,193.9,192.43,193.72,13520.55
72,72,1693962720000,193.71,194.0,193.13,193.21,6457.968
73,73,1693962780000,193.22,193.45,193.13,193.27,1647.168
74,74,1693962840000,193.28,193.33,192.93,192.93,1366.098
75,75,1693962900000,192.93,193.1,192.9,193.01,1192.672
76,76,1693962960000,193.0,193.0,192.66,192.74,1734.445
77,77,1693963020000,192.74,192.84,192.7,192.73,784.843
78,78,1693963080000,192.73,192.92,192.71,192.92,919.077
79,79,1693963140000,192.93,193.13,192.89,193.02,788.049
80,80,1693963200000,193.02,193.25,192.94,193.18,749.436
81,81,1693963260000,193.18,193.19,193.02,193.05,423.994
82,82,1693963320000,193.04,193.05,192.85,192.94,664.514
83,83,1693963380000,192.94,192.95,192.86,192.9,399.34
84,84,1693963440000,192.89,192.96,192.69,192.91,1033.141
85,85,1693963500000,192.91,192.92,192.79,192.8,384.104
86,86,1693963560000,192.81,192.88,192.74,192.83,387.466
87,87,1693963620000,192.82,192.92,192.76,192.83,776.282
88,88,1693963680000,192.82,192.88,192.75,192.75,282.719
89,89,1693963740000,192.75,192.75,192.66,192.72,752.486
90,90,1693963800000,192.73,192.78,192.64,192.7,345.299
91,91,1693963860000,192.7,192.79,192.66,192.71,583.002
92,92,1693963920000,192.71,192.71,192.53,192.6,432.866
93,93,1693963980000,192.6,192.73,192.6,192.63,213.978
94,94,1693964040000,192.63,193.0,192.63,192.89,884.926
95,95,1693964100000,192.88,192.88,192.62,192.76,727.41
96,96,1693964160000,192.75,192.75,192.71,192.73,112.752
97,97,1693964220000,192.73,192.78,192.63,192.76,398.779
98,98,1693964280000,192.75,192.75,192.52,192.57,802.522
99,99,1693964340000,192.57,192.6,192.47,192.58,343.895
100,100,1693964400000,192.57,193.9,192.51,193.76,9388.241
101,101,1693964460000,193.77,193.92,193.22,193.23,1959.929
102,102,1693964520000,193.23,193.28,193.1,193.1,499.75
103,103,1693964580000,193.11,193.17,193.08,193.14,386.951
104,104,1693964640000,193.14,193.21,193.07,193.14,830.209
105,105,1693964700000,193.13,193.32,193.09,193.31,710.072
106,106,1693964760000,193.31,193.58,193.31,193.57,967.539
107,107,1693964820000,193.57,193.67,193.41,193.43,1111.137
108,108,1693964880000,193.43,193.65,193.42,193.53,853.062
109,109,1693964940000,193.53,193.53,193.36,193.39,566.803
110,110,1693965000000,193.39,193.5,193.3,193.5,521.048
111,111,1693965060000,193.49,193.5,193.34,193.34,566.009
112,112,1693965120000,193.33,193.33,193.22,193.23,543.229
113,113,1693965180000,193.24,193.24,193.18,193.2,329.221
114,114,1693965240000,193.2,193.32,193.2,193.23,248.195
115,115,1693965300000,193.23,193.26,193.17,193.25,234.604
116,116,1693965360000,193.25,193.3,193.23,193.23,356.952
117,117,1693965420000,193.22,193.35,193.2,193.24,680.013
118,118,1693965480000,193.24,193.31,193.2,193.31,186.002
119,119,1693965540000,193.3,193.31,193.11,193.15,568.272
120,120,1693965600000,193.16,193.18,192.88,192.89,627.257
121,121,1693965660000,192.89,193.02,192.89,192.99,259.047
122,122,1693965720000,192.99,192.99,192.81,192.84,637.961
123,123,1693965780000,192.84,192.92,192.77,192.81,467.729
124,124,1693965840000,192.81,192.81,192.68,192.69,526.804
125,125,1693965900000,192.7,192.72,192.67,192.7,252.958
126,126,1693965960000,192.69,192.84,192.67,192.77,523.794
127,127,1693966020000,192.77,192.9,192.75,192.85,380.39
128,128,1693966080000,192.85,192.99,192.82,192.99,579.404
129,129,1693966140000,192.99,193.0,192.96,192.97,257.105
130,130,1693966200000,192.96,192.96,192.88,192.88,298.119
131,131,1693966260000,192.88,192.91,192.77,192.88,1293.144
132,132,1693966320000,192.88,192.88,192.79,192.79,204.029
133,133,1693966380000,192.79,193.02,192.79,193.0,433.11
134,134,1693966440000,192.98,192.98,192.93,192.94,113.757
135,135,1693966500000,192.94,192.94,192.89,192.93,242.34
136,136,1693966560000,192.93,193.02,192.92,193.01,225.236
137,137,1693966620000,193.01,193.22,193.01,193.22,548.035
138,138,1693966680000,193.22,193.23,193.19,193.22,338.387
139,139,1693966740000,193.22,193.25,193.21,193.22,248.212
140,140,1693966800000,193.21,193.27,193.2,193.22,484.251
141,141,1693966860000,193.23,193.3,193.22,193.27,306.299
142,142,1693966920000,193.26,193.26,193.18,193.2,517.146
143,143,1693966980000,193.2,193.44,193.18,193.38,674.163
144,144,1693967040000,193.37,193.43,193.29,193.36,435.114
145,145,1693967100000,193.36,193.44,193.33,193.41,428.219
146,146,1693967160000,193.4,193.4,193.29,193.29,203.057
147,147,1693967220000,193.29,193.29,193.12,193.13,284.025
148,148,1693967280000,193.13,193.21,193.08,193.08,542.365
149,149,1693967340000,193.07,193.1,193.04,193.1,154.739
150,150,1693967400000,193.1,193.1,193.0,193.0,390.788
151,151,1693967460000,193.0,193.03,192.99,193.02,308.108
152,152,1693967520000,193.02,193.2,193.01,193.19,384.364
153,153,1693967580000,193.2,193.28,193.17,193.27,285.706
154,154,1693967640000,193.27,193.27,193.13,193.17,402.78
155,155,1693967700000,193.17,193.23,193.1,193.12,409.573
156,156,1693967760000,193.12,193.13,193.0,193.09,339.953
157,157,1693967820000,193.09,193.16,193.07,193.08,260.594
158,158,1693967880000,193.08,193.09,192.85,192.85,517.074
159,159,1693967940000,192.86,192.92,192.81,192.82,258.764
160,160,1693968000000,192.82,192.9,192.76,192.81,838.555
161,161,1693968060000,192.82,192.91,192.77,192.89,222.421
162,162,1693968120000,192.9,193.07,192.9,193.01,395.588
163,163,1693968180000,193.01,193.14,193.0,193.14,786.888
164,164,1693968240000,193.14,193.2,193.1,193.1,337.026
165,165,1693968300000,193.1,193.11,193.0,193.02,163.187
166,166,1693968360000,193.02,193.17,193.0,193.12,258.238
167,167,1693968420000,193.12,193.31,193.12,193.24,452.027
168,168,1693968480000,193.25,193.32,193.23,193.26,437.093
169,169,1693968540000,193.27,193.29,193.23,193.27,95.582
170,170,1693968600000,193.27,193.36,193.27,193.29,232.532
171,171,1693968660000,193.29,193.33,193.26,193.32,108.936
172,172,1693968720000,193.32,193.35,193.23,193.23,188.764
173,173,1693968780000,193.24,193.38,193.24,193.34,268.012
174,174,1693968840000,193.34,193.35,193.25,193.26,313.25
175,175,1693968900000,193.25,193.28,193.24,193.26,72.572
176,176,1693968960000,193.27,193.53,193.26,193.5,834.287
177,177,1693969020000,193.5,193.77,193.5,193.71,961.045
178,178,1693969080000,193.7,193.72,193.61,193.67,340.517
179,179,1693969140000,193.67,193.67,193.39,193.42,513.473
180,180,1693969200000,193.42,193.58,193.42,193.53,294.929
181,181,1693969260000,193.54,193.69,193.49,193.58,752.432
182,182,1693969320000,193.58,193.77,193.58,193.76,906.132
183,183,1693969380000,193.75,193.75,193.66,193.66,718.645
184,184,1693969440000,193.67,193.75,193.48,193.5,1246.265
185,185,1693969500000,193.51,193.8,193.5,193.78,952.881
186,186,1693969560000,193.79,194.0,193.78,193.9,1487.756
187,187,1693969620000,193.9,193.9,193.59,193.67,1439.679
188,188,1693969680000,193.66,193.89,193.66,193.84,356.211
189,189,1693969740000,193.84,193.84,193.62,193.62,290.646
190,190,1693969800000,193.62,193.68,193.58,193.6,310.815
191,191,1693969860000,193.6,193.6,193.42,193.42,358.571
192,192,1693969920000,193.43,193.47,193.41,193.42,268.327
193,193,1693969980000,193.43,193.45,193.38,193.41,289.653
194,194,1693970040000,193.42,193.43,193.3,193.35,377.286
195,195,1693970100000,193.34,193.37,193.26,193.3,552.402
196,196,1693970160000,193.3,193.3,193.19,193.2,320.526
197,197,1693970220000,193.2,193.33,193.17,193.17,367.307
198,198,1693970280000,193.18,193.24,193.18,193.19,195.024
199,199,1693970340000,193.19,193.22,193.09,193.12,536.946
200,200,1693970400000,193.12,193.14,193.08,193.12,335.295
201,201,1693970460000,193.12,193.25,193.08,193.23,653.802
202,202,1693970520000,193.23,193.24,193.18,193.2,502.745
203,203,1693970580000,193.2,193.21,193.08,193.1,678.945
204,204,1693970640000,193.11,193.13,193.06,193.12,168.048
205,205,1693970700000,193.13,193.15,193.05,193.05,378.822
206,206,1693970760000,193.05,193.11,193.03,193.03,162.914
207,207,1693970820000,193.04,193.08,192.98,193.05,833.862
208,208,1693970880000,193.05,193.11,192.94,192.96,1317.086
209,209,1693970940000,192.96,192.98,192.79,192.83,825.529
210,210,1693971000000,192.83,192.91,192.73,192.78,1155.673
211,211,1693971060000,192.78,192.78,192.62,192.62,528.579
212,212,1693971120000,192.63,192.73,192.52,192.72,819.092
213,213,1693971180000,192.73,192.84,192.72,192.81,834.786
214,214,1693971240000,192.82,192.82,192.68,192.73,508.585
215,215,1693971300000,192.73,192.73,192.48,192.48,307.233
216,216,1693971360000,192.48,192.51,192.4,192.5,812.114
217,217,1693971420000,192.5,192.5,192.27,192.27,489.334
218,218,1693971480000,192.28,192.79,192.28,192.69,1823.111
219,219,1693971540000,192.69,192.69,192.3,192.34,589.385
220,220,1693971600000,192.33,192.74,192.31,192.69,581.774
221,221,1693971660000,192.7,192.7,192.49,192.5,1231.128
222,222,1693971720000,192.5,192.59,192.41,192.44,582.478
223,223,1693971780000,192.44,192.48,192.37,192.37,340.862
224,224,1693971840000,192.37,192.55,192.37,192.43,575.424
225,225,1693971900000,192.43,192.43,192.37,192.39,142.753
226,226,1693971960000,192.4,192.73,192.36,192.69,572.715
227,227,1693972020000,192.68,192.68,192.43,192.43,722.782
228,228,1693972080000,192.42,192.62,192.39,192.59,695.944
229,229,1693972140000,192.6,192.66,192.59,192.63,117.78
230,230,1693972200000,192.63,192.73,192.63,192.7,281.522
231,231,1693972260000,192.7,192.7,192.49,192.57,643.78
232,232,1693972320000,192.57,192.65,192.55,192.65,151.519
233,233,1693972380000,192.65,192.65,192.51,192.54,146.044
234,234,1693972440000,192.55,192.67,192.5,192.67,256.953
235,235,1693972500000,192.67,192.68,192.54,192.55,159.656
236,236,1693972560000,192.55,192.56,192.47,192.49,257.954
237,237,1693972620000,192.48,192.75,192.48,192.7,768.625
238,238,1693972680000,192.69,192.69,192.6,192.61,172.346
239,239,1693972740000,192.6,192.64,192.54,192.6,869.054
240,240,1693972800000,192.59,192.59,192.49,192.52,1043.161
241,241,1693972860000,192.51,192.53,192.41,192.49,676.862
242,242,1693972920000,192.49,192.58,192.42,192.44,727.585
243,243,1693972980000,192.43,192.56,192.41,192.55,344.345
244,244,1693973040000,192.54,192.61,192.52,192.53,368.768
245,245,1693973100000,192.53,192.53,192.41,192.44,328.949
246,246,1693973160000,192.44,192.5,192.41,192.46,180.239
247,247,1693973220000,192.46,192.46,192.39,192.4,332.955
248,248,1693973280000,192.39,192.4,192.1,192.14,1565.774
249,249,1693973340000,192.14,192.2,192.07,192.17,848.789
250,250,1693973400000,192.18,192.23,192.18,192.22,203.325
251,251,1693973460000,192.22,192.23,192.15,192.18,404.765
252,252,1693973520000,192.18,192.22,192.12,192.19,278.867
253,253,1693973580000,192.18,192.18,192.12,192.13,117.362
254,254,1693973640000,192.13,192.22,192.13,192.22,144.022
255,255,1693973700000,192.21,192.21,192.14,192.19,162.83
256,256,1693973760000,192.2,192.22,192.16,192.18,161.254
257,257,1693973820000,192.18,192.21,192.16,192.17,144.491
258,258,1693973880000,192.18,192.18,192.11,192.13,242.612
259,259,1693973940000,192.13,192.15,192.11,192.11,218.457
260,260,1693974000000,192.11,192.34,192.11,192.31,582.422
261,261,1693974060000,192.31,192.56,192.31,192.53,724.073
262,262,1693974120000,192.54,192.56,192.44,192.48,202.146
263,263,1693974180000,192.49,192.57,192.49,192.5,404.106
264,264,1693974240000,192.51,192.7,192.5,192.7,155.681
265,265,1693974300000,192.71,192.81,192.68,192.68,776.307
266,266,1693974360000,192.68,192.69,192.61,192.61,281.802
267,267,1693974420000,192.61,192.64,192.53,192.53,634.17
268,268,1693974480000,192.54,192.54,192.46,192.5,350.667
269,269,1693974540000,192.5,192.55,192.5,192.54,145.781
270,270,1693974600000,192.53,192.64,192.38,192.6,650.248
271,271,1693974660000,192.6,192.65,192.53,192.63,334.928
272,272,1693974720000,192.61,192.62,192.57,192.58,72.893
273,273,1693974780000,192.57,192.57,192.53,192.56,124.43
274,274,1693974840000,192.56,192.57,192.52,192.57,445.886
275,275,1693974900000,192.57,192.62,192.57,192.62,51.081
276,276,1693974960000,192.62,192.65,192.52,192.53,230.78
277,277,1693975020000,192.52,192.52,192.33,192.37,467.003
278,278,1693975080000,192.37,192.37,192.3,192.36,219.761
279,279,1693975140000,192.37,192.39,192.3,192.38,693.467
280,280,1693975200000,192.39,192.39,192.3,192.31,47.386
281,281,1693975260000,192.31,192.31,192.22,192.22,375.21
282,282,1693975320000,192.22,192.23,192.16,192.16,511.892
283,283,1693975380000,192.16,192.18,192.1,192.12,796.507
284,284,1693975440000,192.12,192.18,192.1,192.12,346.327
285,285,1693975500000,192.12,192.28,192.12,192.28,436.488
286,286,1693975560000,192.28,192.28,192.23,192.26,159.464
287,287,1693975620000,192.26,192.26,192.11,192.11,441.327
288,288,1693975680000,192.11,192.4,192.09,192.39,834.218
289,289,1693975740000,192.39,192.39,192.18,192.19,448.379
290,290,1693975800000,192.19,192.21,192.18,192.21,112.567
291,291,1693975860000,192.22,192.24,192.11,192.17,266.529
292,292,1693975920000,192.17,192.18,192.09,192.09,107.18
293,293,1693975980000,192.09,192.14,192.06,192.11,254.141
294,294,1693976040000,192.11,192.11,191.91,191.97,765.109
295,295,1693976100000,191.97,192.12,191.9,192.09,1005.517
296,296,1693976160000,192.1,192.1,192.03,192.03,286.237
297,297,1693976220000,192.03,192.13,192.0,192.13,229.613
298,298,1693976280000,192.13,192.24,192.02,192.23,477.366
299,299,1693976340000,192.24,192.24,192.16,192.17,127.299
300,300,1693976400000,192.16,192.21,192.11,192.19,408.824
301,301,1693976460000,192.2,192.2,191.98,191.98,421.513
302,302,1693976520000,191.99,192.03,191.94,192.03,230.602
303,303,1693976580000,192.03,192.41,192.03,192.38,700.314
304,304,1693976640000,192.39,192.46,192.31,192.46,319.533
305,305,1693976700000,192.46,192.46,192.25,192.25,335.914
306,306,1693976760000,192.26,192.34,192.18,192.21,399.706
307,307,1693976820000,192.21,192.21,192.08,192.16,322.368
308,308,1693976880000,192.17,192.31,192.17,192.23,491.38
309,309,1693976940000,192.22,192.34,192.21,192.33,194.017
310,310,1693977000000,192.32,192.34,192.25,192.33,196.563
311,311,1693977060000,192.33,192.33,192.1,192.12,1080.55
312,312,1693977120000,192.12,192.14,191.85,191.92,2367.261
313,313,1693977180000,191.93,191.93,191.82,191.91,448.392
314,314,1693977240000,191.91,191.91,191.67,191.88,1321.314
315,315,1693977300000,191.89,191.89,191.6,191.61,962.585
316,316,1693977360000,191.6,191.72,191.56,191.64,672.916
317,317,1693977420000,191.64,191.72,191.64,191.67,311.848
318,318,1693977480000,191.67,191.72,191.66,191.68,223.824
319,319,1693977540000,191.69,191.8,191.56,191.72,487.396
320,320,1693977600000,191.71,191.8,191.69,191.78,272.318
321,321,1693977660000,191.77,191.85,191.69,191.85,579.808
322,322,1693977720000,191.85,192.13,191.84,192.06,823.909
323,323,1693977780000,192.07,192.07,191.78,191.79,575.482
324,324,1693977840000,191.78,191.92,191.74,191.91,313.992
325,325,1693977900000,191.92,192.1,191.92,192.08,578.049
326,326,1693977960000,192.08,192.2,192.08,192.15,378.709
327,327,1693978020000,192.15,192.15,192.02,192.07,251.144
328,328,1693978080000,192.06,192.19,192.06,192.19,103.94
329,329,1693978140000,192.19,192.28,192.18,192.24,284.62
330,330,1693978200000,192.23,192.23,192.02,192.04,250.403
331,331,1693978260000,192.04,192.09,191.95,192.05,465.256
332,332,1693978320000,192.04,192.06,191.92,192.03,402.413
333,333,1693978380000,192.03,192.17,192.03,192.06,234.025
334,334,1693978440000,192.06,192.2,192.02,192.14,202.02
335,335,1693978500000,192.14,192.16,191.91,191.94,350.933
336,336,1693978560000,191.93,191.93,191.88,191.89,144.361
337,337,1693978620000,191.88,191.93,191.87,191.91,208.882
338,338,1693978680000,191.9,191.92,191.78,191.85,266.534
339,339,1693978740000,191.85,191.86,191.7,191.72,225.527
340,340,1693978800000,191.71,191.71,191.59,191.6,468.256
341,341,1693978860000,191.6,191.64,191.53,191.58,434.984
342,342,1693978920000,191.59,191.66,191.59,191.63,225.172
343,343,1693978980000,191.63,191.63,191.52,191.54,446.228
344,344,1693979040000,191.53,191.6,191.37,191.46,1406.681
345,345,1693979100000,191.47,191.65,191.46,191.61,424.447
346,346,1693979160000,191.6,191.64,191.56,191.59,233.957
347,347,1693979220000,191.59,191.68,191.44,191.6,1218.498
348,348,1693979280000,191.61,191.69,191.59,191.6,483.699
349,349,1693979340000,191.6,191.72,191.58,191.65,177.18
350,350,1693979400000,191.65,191.7,191.61,191.61,177.455
351,351,1693979460000,191.6,191.66,191.5,191.51,666.624
352,352,1693979520000,191.51,191.66,191.48,191.52,1016.867
353,353,1693979580000,191.53,191.6,191.51,191.51,225.428
354,354,1693979640000,191.5,191.57,191.49,191.51,236.906
355,355,1693979700000,191.52,191.66,191.51,191.61,254.903
356,356,1693979760000,191.62,191.62,191.51,191.53,286.642
357,357,1693979820000,191.53,192.04,191.53,191.8,2930.652
358,358,1693979880000,191.79,191.8,191.75,191.76,199.021
359,359,1693979940000,191.76,191.8,191.74,191.8,123.065
360,360,1693980000000,191.79,191.79,191.67,191.72,517.408
361,361,1693980060000,191.72,191.96,191.72,191.92,477.478
362,362,1693980120000,191.92,191.99,191.9,191.95,509.99
363,363,1693980180000,191.95,192.05,191.9,191.91,388.771
364,364,1693980240000,191.9,191.91,191.87,191.87,95.628
365,365,1693980300000,191.88,191.88,191.76,191.76,185.381
366,366,1693980360000,191.77,191.81,191.73,191.75,198.893
367,367,1693980420000,191.75,191.82,191.72,191.82,198.149
368,368,1693980480000,191.83,192.07,191.82,192.07,301.871
369,369,1693980540000,192.06,192.06,192.0,192.04,275.545
370,370,1693980600000,192.04,192.06,191.98,191.98,336.485
371,371,1693980660000,191.99,192.02,191.92,191.97,252.823
372,372,1693980720000,191.98,192.06,191.94,192.05,140.73
373,373,1693980780000,192.04,192.06,191.91,191.98,184.446
374,374,1693980840000,191.98,191.98,191.94,191.95,223.018
375,375,1693980900000,191.95,191.96,191.88,191.92,242.629
376,376,1693980960000,191.92,191.94,191.87,191.92,166.642
377,377,1693981020000,191.93,192.14,191.92,192.13,390.382
378,378,1693981080000,192.13,192.19,192.02,192.06,764.1
379,379,1693981140000,192.05,192.14,192.04,192.12,324.632
380,380,1693981200000,192.12,192.23,192.1,192.21,360.322
381,381,1693981260000,192.22,192.38,192.21,192.36,677.664
382,382,1693981320000,192.35,192.5,192.3,192.5,405.713
383,383,1693981380000,192.5,192.5,192.44,192.48,443.476
384,384,1693981440000,192.48,192.5,192.28,192.29,1187.49
385,385,1693981500000,192.28,192.36,192.27,192.3,468.559
386,386,1693981560000,192.31,192.31,192.14,192.15,401.147
387,387,1693981620000,192.15,192.15,191.88,191.92,1003.023
388,388,1693981680000,191.92,191.93,191.78,191.79,316.089
389,389,1693981740000,191.79,191.91,191.78,191.91,451.136
390,390,1693981800000,191.92,191.96,191.78,191.78,251.514
391,391,1693981860000,191.77,191.79,191.4,191.52,3399.367
392,392,1693981920000,191.52,191.77,191.52,191.76,757.426
393,393,1693981980000,191.76,191.81,191.7,191.71,352.126
394,394,1693982040000,191.71,191.74,191.62,191.62,370.306
395,395,1693982100000,191.61,191.73,191.58,191.71,401.11
396,396,1693982160000,191.72,191.82,191.66,191.68,525.596
397,397,1693982220000,191.69,191.72,191.59,191.72,366.169
398,398,1693982280000,191.73,191.75,191.72,191.74,19.943
399,399,1693982340000,191.75,191.9,191.74,191.81,222.38
400,400,1693982400000,191.8,191.87,191.76,191.76,238.551
401,401,1693982460000,191.76,191.81,191.7,191.81,298.265
402,402,1693982520000,191.82,191.83,191.6,191.6,217.966
403,403,1693982580000,191.6,191.73,191.59,191.72,197.932
404,404,1693982640000,191.73,191.76,191.68,191.76,134.983
405,405,1693982700000,191.75,191.78,191.68,191.69,136.468
406,406,1693982760000,191.68,191.75,191.6,191.72,426.874
407,407,1693982820000,191.72,191.8,191.71,191.75,70.312
408,408,1693982880000,191.75,191.92,191.75,191.91,519.851
409,409,1693982940000,191.92,191.98,191.86,191.86,411.181
410,410,1693983000000,191.85,191.93,191.77,191.79,1068.847
411,411,1693983060000,191.8,191.84,191.76,191.84,287.746
412,412,1693983120000,191.85,192.01,191.85,192.01,173.9
413,413,1693983180000,192.02,192.04,191.92,191.92,280.061
414,414,1693983240000,191.91,192.01,191.91,191.93,212.359
415,415,1693983300000,191.94,191.99,191.94,191.97,114.203
416,416,1693983360000,191.98,192.0,191.88,191.93,237.57
417,417,1693983420000,191.94,192.0,191.86,191.92,543.094
418,418,1693983480000,191.93,192.07,191.93,192.03,580.913
419,419,1693983540000,192.02,192.06,191.92,191.97,403.838
420,420,1693983600000,191.96,192.0,191.87,191.91,355.861
421,421,1693983660000,191.92,192.04,191.9,191.9,670.491
422,422,1693983720000,191.91,192.02,191.89,191.99,280.77
423,423,1693983780000,191.99,191.99,191.88,191.89,158.04
424,424,1693983840000,191.9,191.94,191.88,191.88,226.383
425,425,1693983900000,191.89,191.99,191.89,191.96,257.934
426,426,1693983960000,191.95,191.98,191.92,191.96,105.177
427,427,1693984020000,191.96,192.0,191.96,191.97,50.237
428,428,1693984080000,191.97,191.97,191.87,191.9,375.134
429,429,1693984140000,191.9,192.08,191.9,192.07,440.784
430,430,1693984200000,192.08,192.15,192.07,192.07,290.214
431,431,1693984260000,192.06,192.06,191.93,191.94,341.019
432,432,1693984320000,191.94,191.96,191.91,191.96,136.796
433,433,1693984380000,191.96,192.06,191.92,191.94,296.165
434,434,1693984440000,191.95,192.2,191.95,192.15,280.814
435,435,1693984500000,192.14,192.2,192.09,192.16,414.603
436,436,1693984560000,192.16,192.18,192.14,192.18,138.619
437,437,1693984620000,192.18,192.3,192.17,192.29,321.997
438,438,1693984680000,192.3,192.31,192.16,192.31,452.165
439,439,1693984740000,192.31,192.37,192.25,192.25,314.196
440,440,1693984800000,192.24,192.34,192.23,192.26,444.151
441,441,1693984860000,192.26,192.26,192.21,192.25,135.004
442,442,1693984920000,192.25,192.33,192.24,192.33,478.268
443,443,1693984980000,192.32,192.33,192.27,192.27,79.958
444,444,1693985040000,192.28,192.36,192.28,192.36,165.012
445,445,1693985100000,192.35,192.46,192.12,192.21,1120.627
446,446,1693985160000,192.22,192.35,192.19,192.34,377.154
447,447,1693985220000,192.34,192.45,192.3,192.34,387.362
448,448,1693985280000,192.34,192.63,192.34,192.6,990.838
449,449,1693985340000,192.61,192.65,192.56,192.57,525.228
450,450,1693985400000,192.58,192.63,192.5,192.5,569.723
451,451,1693985460000,192.49,192.5,192.43,192.47,624.35
452,452,1693985520000,192.46,192.57,192.46,192.57,143.386
453,453,1693985580000,192.57,192.6,192.53,192.53,335.471
454,454,1693985640000,192.53,192.58,192.53,192.55,94.854
455,455,1693985700000,192.55,192.55,192.52,192.53,96.177
456,456,1693985760000,192.53,192.56,192.46,192.55,321.967
457,457,1693985820000,192.55,192.61,192.55,192.58,171.725
458,458,1693985880000,192.59,192.67,192.59,192.63,521.769
459,459,1693985940000,192.63,192.63,192.54,192.56,150.954
460,460,1693986000000,192.56,192.6,192.5,192.59,259.777
461,461,1693986060000,192.6,192.62,192.52,192.55,161.009
462,462,1693986120000,192.55,192.61,192.37,192.38,547.845
463,463,1693986180000,192.38,192.4,192.34,192.39,147.226
464,464,1693986240000,192.39,192.52,192.39,192.49,176.506
465,465,1693986300000,192.48,192.52,192.42,192.42,194.934
466,466,1693986360000,192.42,192.49,192.38,192.44,221.781
467,467,1693986420000,192.43,192.44,192.35,192.37,151.467
468,468,1693986480000,192.36,192.38,192.34,192.35,143.874
469,469,1693986540000,192.36,192.36,192.29,192.36,320.765
470,470,1693986600000,192.35,192.38,192.23,192.28,500.147
471,471,1693986660000,192.28,192.3,192.23,192.25,242.534
472,472,1693986720000,192.25,192.27,192.16,192.16,319.811
473,473,1693986780000,192.16,192.21,192.14,192.18,226.721
474,474,1693986840000,192.18,192.19,191.96,192.08,1089.419
475,475,1693986900000,192.08,192.08,192.04,192.05,146.124
476,476,1693986960000,192.05,192.11,191.95,191.96,448.001
477,477,1693987020000,191.97,192.0,191.95,191.97,286.891
478,478,1693987080000,191.98,192.04,191.97,191.99,185.282
479,479,1693987140000,191.99,192.02,191.91,191.92,225.005
480,480,1693987200000,191.92,192.02,191.9,191.94,414.941
481,481,1693987260000,191.95,192.0,191.92,191.96,267.186
482,482,1693987320000,191.96,192.18,191.93,192.15,1021.197
483,483,1693987380000,192.13,192.18,192.04,192.05,552.385
484,484,1693987440000,192.04,192.09,191.98,191.98,344.041
485,485,1693987500000,191.97,191.98,191.73,191.76,1037.714
486,486,1693987560000,191.75,191.83,191.74,191.74,460.287
487,487,1693987620000,191.74,191.8,191.73,191.78,193.275
488,488,1693987680000,191.77,191.79,191.73,191.77,290.342
489,489,1693987740000,191.76,191.89,191.76,191.88,530.53
490,490,1693987800000,191.87,191.97,191.84,191.89,674.544
491,491,1693987860000,191.88,191.88,191.7,191.73,329.361
492,492,1693987920000,191.73,191.83,191.7,191.74,472.389
493,493,1693987980000,191.73,191.82,191.7,191.82,254.678
494,494,1693988040000,191.82,191.9,191.71,191.9,529.507
495,495,1693988100000,191.89,192.03,191.8,191.99,496.424
496,496,1693988160000,191.98,191.98,191.86,191.87,128.031
497,497,1693988220000,191.87,191.92,191.75,191.75,308.053
498,498,1693988280000,191.76,191.8,191.75,191.75,99.232
499,499,1693988340000,191.75,192.06,191.74,192.05,440.527
500,500,1693988400000,192.06,192.1,192.05,192.1,143.032
501,501,1693988460000,192.1,192.11,192.05,192.1,272.764
502,502,1693988520000,192.11,192.24,192.11,192.19,287.005
503,503,1693988580000,192.2,192.21,192.08,192.2,295.838
504,504,1693988640000,192.2,192.2,192.09,192.14,385.445
505,505,1693988700000,192.14,192.17,192.07,192.17,318.032
506,506,1693988760000,192.17,192.24,192.13,192.23,580.337
507,507,1693988820000,192.23,192.23,192.14,192.16,163.597
508,508,1693988880000,192.16,192.16,192.07,192.07,191.977
509,509,1693988940000,192.09,192.12,192.08,192.09,116.621
510,510,1693989000000,192.09,192.18,192.08,192.15,165.054
511,511,1693989060000,192.15,192.22,192.14,192.2,223.919
512,512,1693989120000,192.22,192.32,192.22,192.3,351.389
513,513,1693989180000,192.3,192.38,192.25,192.37,318.644
514,514,1693989240000,192.38,192.39,192.3,192.31,229.792
515,515,1693989300000,192.31,192.45,192.31,192.43,178.53
516,516,1693989360000,192.43,192.46,192.42,192.45,299.683
517,517,1693989420000,192.45,192.46,192.33,192.38,434.869
518,518,1693989480000,192.39,192.42,192.3,192.34,332.96
519,519,1693989540000,192.35,192.37,192.29,192.32,167.073
520,520,1693989600000,192.32,192.32,192.26,192.27,106.816
521,521,1693989660000,192.26,192.4,192.25,192.4,245.074
522,522,1693989720000,192.39,192.4,192.31,192.37,301.423
523,523,1693989780000,192.38,192.43,192.33,192.4,200.521
524,524,1693989840000,192.39,192.4,192.34,192.36,170.55
525,525,1693989900000,192.36,192.42,192.33,192.41,318.755
526,526,1693989960000,192.41,192.43,192.31,192.36,271.431
527,527,1693990020000,192.36,192.46,192.36,192.46,232.857
528,528,1693990080000,192.45,192.59,192.44,192.59,879.906
529,529,1693990140000,192.59,192.77,192.58,192.63,1765.107
530,530,1693990200000,192.63,192.72,192.58,192.71,368.182
531,531,1693990260000,192.71,192.72,192.59,192.6,205.403
532,532,1693990320000,192.6,192.64,192.56,192.59,324.229
533,533,1693990380000,192.59,192.63,192.53,192.62,442.046
534,534,1693990440000,192.62,192.64,192.5,192.61,276.935
535,535,1693990500000,192.61,192.67,192.61,192.67,189.372
536,536,1693990560000,192.66,192.67,192.6,192.6,132.943
537,537,1693990620000,192.6,192.63,192.46,192.57,794.099
538,538,1693990680000,192.57,192.57,192.27,192.29,380.718
539,539,1693990740000,192.29,192.42,192.27,192.37,340.37
540,540,1693990800000,192.36,192.43,192.33,192.34,232.901
541,541,1693990860000,192.33,192.55,192.29,192.53,439.782
542,542,1693990920000,192.53,192.53,192.28,192.29,893.396
543,543,1693990980000,192.3,192.38,192.29,192.38,167.028
544,544,1693991040000,192.39,192.5,192.38,192.5,142.934
545,545,1693991100000,192.5,192.5,192.4,192.4,308.878
546,546,1693991160000,192.41,192.5,192.4,192.43,207.778
547,547,1693991220000,192.43,192.68,192.42,192.66,293.883
548,548,1693991280000,192.67,192.67,192.62,192.63,250.182
549,549,1693991340000,192.64,192.7,192.6,192.63,246.964
550,550,1693991400000,192.64,192.7,192.52,192.52,357.936
551,551,1693991460000,192.51,192.54,192.48,192.49,119.316
552,552,1693991520000,192.48,192.54,192.37,192.38,827.517
553,553,1693991580000,192.38,192.49,192.36,192.42,403.033
554,554,1693991640000,192.43,192.48,192.34,192.4,401.413
555,555,1693991700000,192.41,192.54,192.4,192.54,330.998
556,556,1693991760000,192.55,192.59,192.48,192.52,249.78
557,557,1693991820000,192.53,192.58,192.43,192.45,217.09
558,558,1693991880000,192.45,192.48,192.4,192.46,115.08
559,559,1693991940000,192.46,192.49,192.39,192.39,175.145
560,560,1693992000000,192.4,192.44,192.26,192.26,356.448
561,561,1693992060000,192.25,192.32,192.24,192.3,221.355
562,562,1693992120000,192.29,192.36,192.25,192.26,453.406
563,563,1693992180000,192.27,192.3,192.23,192.26,232.403
564,564,1693992240000,192.26,192.26,192.21,192.21,92.912
565,565,1693992300000,192.22,192.26,192.21,192.22,138.005
566,566,1693992360000,192.22,192.34,192.21,192.33,532.802
567,567,1693992420000,192.33,192.47,192.32,192.47,161.518
568,568,1693992480000,192.48,192.6,192.48,192.59,320.141
569,569,1693992540000,192.6,192.62,192.56,192.56,253.562
570,570,1693992600000,192.57,192.67,192.57,192.6,384.203
571,571,1693992660000,192.6,192.73,192.59,192.72,353.644
572,572,1693992720000,192.72,192.79,192.71,192.75,350.693
573,573,1693992780000,192.75,192.75,192.67,192.67,338.79
574,574,1693992840000,192.68,192.74,192.66,192.74,222.69
575,575,1693992900000,192.75,192.8,192.7,192.7,549.822
576,576,1693992960000,192.71,192.76,192.69,192.75,226.464
577,577,1693993020000,192.76,192.78,192.59,192.65,476.25
578,578,1693993080000,192.64,192.73,192.64,192.65,177.637
579,579,1693993140000,192.65,192.78,192.65,192.74,347.254
580,580,1693993200000,192.73,192.8,192.68,192.69,231.525
581,581,1693993260000,192.69,192.72,192.69,192.71,93.476
582,582,1693993320000,192.71,192.76,192.66,192.71,508.822
583,583,1693993380000,192.71,192.78,192.71,192.73,151.838
584,584,1693993440000,192.73,192.8,192.73,192.78,250.99
585,585,1693993500000,192.77,192.8,192.7,192.74,380.53
586,586,1693993560000,192.74,192.86,192.72,192.85,402.888
587,587,1693993620000,192.84,192.94,192.84,192.94,501.7
588,588,1693993680000,192.93,192.96,192.82,192.88,506.845
589,589,1693993740000,192.88,192.91,192.83,192.86,201.689
590,590,1693993800000,192.87,192.91,192.87,192.89,145.86
591,591,1693993860000,192.88,192.89,192.88,192.89,18.241
592,592,1693993920000,192.89,192.93,192.83,192.92,444.222
593,593,1693993980000,192.93,193.12,192.84,193.08,1993.994
594,594,1693994040000,193.09,193.09,193.0,193.02,290.181
595,595,1693994100000,193.03,193.11,192.99,193.1,532.444
596,596,1693994160000,193.1,193.1,193.02,193.04,519.249
597,597,1693994220000,193.02,193.02,192.85,192.86,383.055
598,598,1693994280000,192.87,193.05,192.86,192.97,380.402
599,599,1693994340000,192.97,193.01,192.93,192.96,270.536
600,600,1693994400000,192.96,193.06,192.94,192.95,369.383
601,601,1693994460000,192.95,192.95,192.78,192.85,614.633
602,602,1693994520000,192.86,193.0,192.86,192.96,430.046
603,603,1693994580000,192.96,192.96,192.87,192.92,752.989
604,604,1693994640000,192.93,193.02,192.92,192.98,358.736
605,605,1693994700000,192.98,193.05,192.97,193.0,377.009
606,606,1693994760000,193.01,193.07,193.0,193.07,356.29
607,607,1693994820000,193.07,193.11,192.91,193.09,1615.486
608,608,1693994880000,193.1,193.28,192.97,193.08,2773.948
609,609,1693994940000,193.09,193.22,192.91,193.2,2394.496
610,610,1693995000000,193.2,193.29,193.04,193.19,2420.182
611,611,1693995060000,193.18,193.29,193.1,193.24,1679.084
612,612,1693995120000,193.24,193.24,193.0,193.17,1909.109
613,613,1693995180000,193.17,193.17,193.04,193.15,1691.395
614,614,1693995240000,193.14,193.15,192.94,192.95,1579.188
615,615,1693995300000,192.96,193.0,192.9,192.97,438.41
616,616,1693995360000,192.97,193.01,192.78,192.78,580.63
617,617,1693995420000,192.78,192.81,192.64,192.65,1362.733
618,618,1693995480000,192.65,192.7,192.6,192.65,668.687
619,619,1693995540000,192.64,192.7,192.6,192.68,610.619
620,620,1693995600000,192.67,192.71,192.65,192.71,295.779
621,621,1693995660000,192.7,192.71,192.66,192.67,89.946
622,622,1693995720000,192.67,192.67,192.51,192.57,484.618
623,623,1693995780000,192.57,192.62,192.54,192.61,173.26
624,624,1693995840000,192.62,192.62,192.51,192.54,175.008
625,625,1693995900000,192.54,192.6,192.52,192.52,221.189
626,626,1693995960000,192.52,192.64,192.52,192.6,122.083
627,627,1693996020000,192.6,192.63,192.54,192.54,183.353
628,628,1693996080000,192.55,192.59,192.51,192.52,259.067
629,629,1693996140000,192.51,192.54,192.47,192.5,466.494
630,630,1693996200000,192.51,192.56,192.51,192.56,150.216
631,631,1693996260000,192.56,192.56,192.51,192.51,155.711
632,632,1693996320000,192.5,192.57,192.48,192.57,307.291
633,633,1693996380000,192.57,192.64,192.57,192.59,317.29
634,634,1693996440000,192.59,192.65,192.58,192.65,188.181
635,635,1693996500000,192.65,192.74,192.49,192.53,429.709
636,636,1693996560000,192.53,192.54,192.48,192.5,381.237
637,637,1693996620000,192.5,192.62,192.43,192.54,724.541
638,638,1693996680000,192.54,192.54,192.44,192.45,290.614
639,639,1693996740000,192.45,192.46,192.44,192.44,194.922
640,640,1693996800000,192.44,192.52,192.44,192.52,257.04
641,641,1693996860000,192.52,192.64,192.5,192.51,305.01
642,642,1693996920000,192.5,192.51,192.46,192.46,89.343
643,643,1693996980000,192.46,192.52,192.45,192.51,357.095
644,644,1693997040000,192.51,192.51,192.4,192.41,248.764
645,645,1693997100000,192.41,192.43,192.34,192.35,475.116
646,646,1693997160000,192.34,192.35,192.26,192.26,528.112
647,647,1693997220000,192.26,192.32,192.25,192.28,368.303
648,648,1693997280000,192.28,192.28,192.23,192.24,329.327
649,649,1693997340000,192.23,192.29,192.23,192.28,218.527
650,650,1693997400000,192.28,192.37,192.21,192.32,623.157
651,651,1693997460000,192.32,192.35,192.31,192.31,82.397
652,652,1693997520000,192.31,192.34,192.26,192.31,77.821
653,653,1693997580000,192.31,192.34,192.25,192.31,105.37
654,654,1693997640000,192.3,192.3,192.25,192.3,110.264
655,655,1693997700000,192.31,192.31,192.2,192.22,216.671
656,656,1693997760000,192.23,192.23,192.08,192.08,415.322
657,657,1693997820000,192.07,192.19,192.07,192.13,210.627
658,658,1693997880000,192.13,192.15,192.07,192.08,475.498
659,659,1693997940000,192.08,192.17,192.08,192.11,255.525
660,660,1693998000000,192.11,192.16,192.1,192.14,346.77
661,661,1693998060000,192.14,192.44,192.12,192.39,1390.253
662,662,1693998120000,192.39,192.43,192.34,192.38,649.836
663,663,1693998180000,192.38,192.54,192.38,192.51,524.968
664,664,1693998240000,192.51,192.52,192.5,192.5,58.924
665,665,1693998300000,192.51,192.51,192.36,192.36,363.912
666,666,1693998360000,192.37,192.54,192.36,192.52,225.673
667,667,1693998420000,192.52,192.55,192.52,192.55,71.476
668,668,1693998480000,192.54,192.58,192.5,192.53,304.093
669,669,1693998540000,192.53,192.53,192.49,192.49,79.34
670,670,1693998600000,192.5,192.58,192.47,192.58,218.158
671,671,1693998660000,192.58,192.82,192.57,192.77,1070.177
672,672,1693998720000,192.76,192.94,192.73,192.87,2161.263
673,673,1693998780000,192.86,192.95,192.83,192.92,876.85
674,674,1693998840000,192.92,192.96,192.92,192.94,175.157
675,675,1693998900000,192.95,192.98,192.88,192.93,514.84
676,676,1693998960000,192.93,193.02,192.93,193.0,473.152
677,677,1693999020000,193.0,193.02,192.96,192.98,188.22
678,678,1693999080000,192.99,193.26,192.99,193.1,1952.126
679,679,1693999140000,193.1,193.16,193.04,193.07,415.272
680,680,1693999200000,193.06,193.15,193.03,193.09,523.295
681,681,1693999260000,193.08,193.15,193.05,193.13,478.144
682,682,1693999320000,193.14,193.2,193.11,193.11,369.584
683,683,1693999380000,193.1,193.11,193.0,193.0,349.495
684,684,1693999440000,193.0,193.02,192.64,192.84,3414.488
685,685,1693999500000,192.83,192.84,192.81,192.81,155.885
686,686,1693999560000,192.82,192.82,192.66,192.71,746.863
687,687,1693999620000,192.72,193.01,192.72,192.97,644.83
688,688,1693999680000,192.98,193.01,192.97,192.99,81.122
689,689,1693999740000,192.98,193.03,192.96,193.01,396.685
690,690,1693999800000,193.01,193.11,193.0,193.04,413.506
691,691,1693999860000,193.04,193.1,193.0,193.1,130.505
692,692,1693999920000,193.1,193.16,193.08,193.09,315.319
693,693,1693999980000,193.09,193.19,193.08,193.18,321.511
694,694,1694000040000,193.19,193.2,193.13,193.13,150.061
695,695,1694000100000,193.13,193.22,193.03,193.03,392.978
696,696,1694000160000,193.02,193.02,192.89,192.91,441.834
697,697,1694000220000,192.92,192.97,192.91,192.92,261.295
698,698,1694000280000,192.91,192.91,192.78,192.84,474.283
699,699,1694000340000,192.81,192.82,192.76,192.81,245.48
700,700,1694000400000,192.82,192.88,192.78,192.87,217.877
701,701,1694000460000,192.87,192.88,192.84,192.85,194.357
702,702,1694000520000,192.85,192.86,192.72,192.72,404.776
703,703,1694000580000,192.73,192.77,192.72,192.77,194.424
704,704,1694000640000,192.77,192.86,192.76,192.86,265.325
705,705,1694000700000,192.86,192.88,192.73,192.73,149.308
706,706,1694000760000,192.72,192.75,192.72,192.74,109.013
707,707,1694000820000,192.74,192.75,192.68,192.75,117.349
708,708,1694000880000,192.75,192.84,192.75,192.8,152.844
709,709,1694000940000,192.79,192.8,192.78,192.79,32.874
710,710,1694001000000,192.8,192.82,192.71,192.71,168.187
711,711,1694001060000,192.71,192.76,192.68,192.68,109.234
712,712,1694001120000,192.68,192.7,192.58,192.58,405.234
713,713,1694001180000,192.58,192.59,192.48,192.48,257.732
714,714,1694001240000,192.48,192.56,192.42,192.51,416.336
715,715,1694001300000,192.52,192.63,192.48,192.62,188.32
716,716,1694001360000,192.63,192.65,192.55,192.6,528.165
717,717,1694001420000,192.6,192.75,192.56,192.71,286.787
718,718,1694001480000,192.71,192.71,192.68,192.71,72.166
719,719,1694001540000,192.71,192.78,192.65,192.78,556.969
720,720,1694001600000,192.78,192.84,192.73,192.8,323.775
721,721,1694001660000,192.8,192.83,192.68,192.83,280.815
722,722,1694001720000,192.82,192.84,192.68,192.75,216.106
723,723,1694001780000,192.75,192.81,192.73,192.81,140.279
724,724,1694001840000,192.82,192.82,192.77,192.77,99.832
725,725,1694001900000,192.77,192.8,192.71,192.8,474.585
726,726,1694001960000,192.79,192.84,192.79,192.82,195.395
727,727,1694002020000,192.82,192.95,192.82,192.92,295.653
728,728,1694002080000,192.92,192.97,192.91,192.91,116.875
729,729,1694002140000,192.91,192.94,192.84,192.94,218.274
730,730,1694002200000,192.95,192.96,192.81,192.81,302.436
731,731,1694002260000,192.8,192.89,192.79,192.86,201.906
732,732,1694002320000,192.87,192.88,192.86,192.88,47.455
733,733,1694002380000,192.88,192.88,192.78,192.82,340.832
734,734,1694002440000,192.82,192.93,192.82,192.89,232.205
735,735,1694002500000,192.89,193.0,192.89,192.95,458.47
736,736,1694002560000,192.95,192.96,192.86,192.91,103.282
737,737,1694002620000,192.91,192.96,192.82,192.82,245.978
738,738,1694002680000,192.82,192.88,192.82,192.84,109.409
739,739,1694002740000,192.83,192.83,192.63,192.63,235.304
740,740,1694002800000,192.63,192.69,192.54,192.69,538.152
741,741,1694002860000,192.67,192.83,192.67,192.82,220.765
742,742,1694002920000,192.82,192.91,192.73,192.9,472.486
743,743,1694002980000,192.9,193.07,192.9,193.04,466.62
744,744,1694003040000,193.04,193.04,192.91,192.91,341.355
745,745,1694003100000,192.91,193.06,192.91,193.05,151.806
746,746,1694003160000,193.04,193.04,192.92,192.95,154.585
747,747,1694003220000,192.95,193.04,192.93,193.0,205.039
748,748,1694003280000,193.0,193.0,192.9,192.97,89.664
749,749,1694003340000,192.97,193.04,192.97,193.04,221.234
750,750,1694003400000,193.04,193.1,193.02,193.03,230.552
751,751,1694003460000,193.04,193.15,193.03,193.15,199.319
752,752,1694003520000,193.15,193.18,193.02,193.06,403.47
753,753,1694003580000,193.05,193.05,192.9,192.91,261.196
754,754,1694003640000,192.91,192.93,192.88,192.93,307.755
755,755,1694003700000,192.92,192.93,192.91,192.92,143.955
756,756,1694003760000,192.93,192.93,192.88,192.9,290.201
757,757,1694003820000,192.9,192.92,192.86,192.86,190.318
758,758,1694003880000,192.86,192.87,192.77,192.78,372.573
759,759,1694003940000,192.78,192.79,192.63,192.69,801.341
760,760,1694004000000,192.69,192.72,192.5,192.57,939.366
761,761,1694004060000,192.57,192.61,192.46,192.57,1349.221
762,762,1694004120000,192.57,192.62,192.48,192.6,186.048
763,763,1694004180000,192.61,192.61,192.52,192.58,354.695
764,764,1694004240000,192.59,192.64,192.52,192.52,331.394
765,765,1694004300000,192.52,192.61,192.52,192.54,101.559
766,766,1694004360000,192.53,192.62,192.49,192.53,527.893
767,767,1694004420000,192.53,192.6,192.52,192.57,237.657
768,768,1694004480000,192.57,192.58,192.53,192.56,238.052
769,769,1694004540000,192.57,192.57,192.45,192.5,441.514
770,770,1694004600000,192.49,192.5,192.4,192.49,542.064
771,771,1694004660000,192.5,192.58,192.42,192.47,248.239
772,772,1694004720000,192.48,192.48,192.38,192.38,296.639
773,773,1694004780000,192.38,192.39,192.28,192.38,388.427
774,774,1694004840000,192.38,192.53,192.38,192.44,954.224
775,775,1694004900000,192.43,192.51,192.4,192.5,201.983
776,776,1694004960000,192.5,192.53,192.43,192.43,159.821
777,777,1694005020000,192.42,192.57,192.41,192.56,590.341
778,778,1694005080000,192.56,192.75,192.56,192.68,362.999
779,779,1694005140000,192.68,192.68,192.53,192.53,238.997
780,780,1694005200000,192.54,192.6,192.52,192.52,250.364
781,781,1694005260000,192.51,192.52,192.39,192.44,431.847
782,782,1694005320000,192.45,192.48,192.41,192.46,131.903
783,783,1694005380000,192.46,192.46,192.39,192.42,205.884
784,784,1694005440000,192.42,192.48,192.42,192.47,122.103
785,785,1694005500000,192.48,192.91,192.47,192.91,872.775
786,786,1694005560000,192.91,192.93,192.8,192.87,406.94
787,787,1694005620000,192.87,192.87,192.5,192.57,863.951
788,788,1694005680000,192.58,192.6,192.42,192.45,1447.621
789,789,1694005740000,192.45,192.45,192.35,192.4,627.441
790,790,1694005800000,192.41,192.46,192.4,192.43,127.583
791,791,1694005860000,192.44,192.45,192.28,192.33,514.944
792,792,1694005920000,192.33,192.38,192.23,192.27,646.381
793,793,1694005980000,192.28,192.31,192.22,192.23,342.341
794,794,1694006040000,192.22,192.45,192.22,192.36,657.505
795,795,1694006100000,192.36,192.56,192.29,192.54,291.913
796,796,1694006160000,192.53,192.6,192.5,192.55,352.216
797,797,1694006220000,192.56,192.66,192.52,192.65,541.873
798,798,1694006280000,192.66,192.68,192.6,192.61,363.91
799,799,1694006340000,192.62,192.63,192.45,192.45,723.873
800,800,1694006400000,192.45,192.48,192.42,192.48,182.644
801,801,1694006460000,192.48,192.59,192.44,192.59,494.64
802,802,1694006520000,192.58,192.58,192.47,192.5,442.57
803,803,1694006580000,192.51,192.75,192.51,192.68,313.576
804,804,1694006640000,192.69,192.87,192.69,192.87,163.935
805,805,1694006700000,192.86,192.86,192.68,192.74,455.362
806,806,1694006760000,192.74,192.85,192.74,192.77,386.782
807,807,1694006820000,192.76,192.77,192.71,192.77,194.977
808,808,1694006880000,192.76,192.76,192.65,192.72,186.21
809,809,1694006940000,192.72,192.77,192.7,192.73,189.365
810,810,1694007000000,192.74,192.79,192.52,192.52,411.148
811,811,1694007060000,192.52,192.64,192.43,192.63,478.015
812,812,1694007120000,192.63,192.8,192.63,192.64,209.331
813,813,1694007180000,192.64,192.64,192.46,192.54,205.651
814,814,1694007240000,192.54,192.54,192.48,192.5,162.019
815,815,1694007300000,192.49,192.5,192.3,192.45,666.476
816,816,1694007360000,192.45,192.74,192.43,192.71,560.762
817,817,1694007420000,192.71,192.83,192.71,192.81,207.754
818,818,1694007480000,192.81,192.88,192.79,192.87,284.367
819,819,1694007540000,192.86,192.89,192.78,192.85,274.136
820,820,1694007600000,192.86,192.93,192.85,192.91,417.523
821,821,1694007660000,192.92,193.18,192.92,193.15,837.881
822,822,1694007720000,193.16,193.17,193.03,193.07,440.527
823,823,1694007780000,193.08,193.16,193.05,193.15,612.909
824,824,1694007840000,193.15,193.3,193.11,193.29,798.705
825,825,1694007900000,193.3,193.42,193.12,193.12,1266.879
826,826,1694007960000,193.13,193.13,192.91,192.91,787.348
827,827,1694008020000,192.91,192.95,192.79,192.79,524.516
828,828,1694008080000,192.8,192.84,192.66,192.72,307.02
829,829,1694008140000,192.71,192.74,192.46,192.5,1058.688
830,830,1694008200000,192.5,192.74,192.5,192.72,324.125
831,831,1694008260000,192.71,192.96,192.71,192.8,545.057
832,832,1694008320000,192.81,192.9,192.8,192.9,429.492
833,833,1694008380000,192.9,192.9,192.73,192.81,434.1
834,834,1694008440000,192.81,192.89,192.8,192.84,251.438
835,835,1694008500000,192.83,192.83,192.69,192.75,431.625
836,836,1694008560000,192.76,192.8,192.7,192.79,204.343
837,837,1694008620000,192.79,192.81,192.55,192.63,178.298
838,838,1694008680000,192.64,192.77,192.62,192.76,112.504
839,839,1694008740000,192.76,192.86,192.75,192.85,96.826
840,840,1694008800000,192.84,192.84,192.61,192.65,545.515
841,841,1694008860000,192.66,192.74,192.64,192.69,345.783
842,842,1694008920000,192.7,192.72,192.22,192.31,2170.601
843,843,1694008980000,192.31,192.4,192.15,192.15,1534.728
844,844,1694009040000,192.15,192.29,191.56,191.85,6212.097
845,845,1694009100000,191.82,191.85,191.25,191.57,5242.939
846,846,1694009160000,191.59,191.79,191.3,191.61,2394.261
847,847,1694009220000,191.6,191.96,191.57,191.87,2022.963
848,848,1694009280000,191.85,192.15,191.84,192.15,1042.844
849,849,1694009340000,192.15,192.59,192.13,192.46,2103.861
850,850,1694009400000,192.47,192.5,192.1,192.15,1246.439
851,851,1694009460000,192.14,192.26,192.12,192.22,476.621
852,852,1694009520000,192.21,192.24,192.03,192.05,732.022
853,853,1694009580000,192.06,192.31,191.99,192.3,719.412
854,854,1694009640000,192.3,192.32,192.01,192.02,333.768
855,855,1694009700000,192.01,192.24,191.92,192.15,1981.185
856,856,1694009760000,192.15,192.2,192.1,192.13,616.536
857,857,1694009820000,192.13,192.33,192.07,192.3,381.707
858,858,1694009880000,192.29,192.34,192.07,192.1,442.147
859,859,1694009940000,192.09,192.33,191.98,192.32,481.939
860,860,1694010000000,192.32,192.34,192.06,192.12,550.175
861,861,1694010060000,192.12,192.12,191.93,191.96,375.701
862,862,1694010120000,191.95,191.96,191.72,191.75,549.048
863,863,1694010180000,191.75,191.91,191.62,191.77,1638.827
864,864,1694010240000,191.77,191.86,191.54,191.61,1691.886
865,865,1694010300000,191.62,191.79,191.49,191.49,2286.432
866,866,1694010360000,191.49,191.72,191.49,191.52,1036.858
867,867,1694010420000,191.51,191.72,191.51,191.59,1017.448
868,868,1694010480000,191.58,191.69,191.42,191.42,835.587
869,869,1694010540000,191.43,191.55,191.2,191.21,1222.109
870,870,1694010600000,191.23,191.54,191.06,191.49,2977.929
871,871,1694010660000,191.5,191.62,191.38,191.55,811.951
872,872,1694010720000,191.55,191.68,191.29,191.42,3477.832
873,873,1694010780000,191.42,191.42,191.0,191.11,1730.664
874,874,1694010840000,191.12,191.27,190.93,191.27,1994.797
875,875,1694010900000,191.28,191.51,191.23,191.5,1415.125
876,876,1694010960000,191.51,191.58,191.37,191.58,1100.043
877,877,1694011020000,191.58,191.71,191.54,191.67,622.206
878,878,1694011080000,191.66,191.74,191.53,191.53,1072.321
879,879,1694011140000,191.52,191.69,191.41,191.63,1017.448
880,880,1694011200000,191.63,191.76,191.39,191.55,850.832
881,881,1694011260000,191.56,191.68,191.56,191.62,654.966
882,882,1694011320000,191.63,191.64,191.38,191.39,378.035
883,883,1694011380000,191.4,191.43,191.28,191.34,490.956
884,884,1694011440000,191.35,191.35,191.2,191.26,785.631
885,885,1694011500000,191.27,191.32,191.07,191.14,1688.104
886,886,1694011560000,191.15,191.66,191.01,191.34,2522.672
887,887,1694011620000,191.35,191.69,191.3,191.62,1532.863
888,888,1694011680000,191.63,191.88,191.56,191.56,1053.835
889,889,1694011740000,191.57,191.69,191.44,191.64,415.952
890,890,1694011800000,191.64,191.79,191.59,191.72,507.684
891,891,1694011860000,191.71,191.71,191.5,191.62,753.81
892,892,1694011920000,191.62,191.62,191.4,191.43,212.833
893,893,1694011980000,191.44,191.73,191.43,191.67,369.928
894,894,1694012040000,191.66,191.71,191.63,191.67,300.9
895,895,1694012100000,191.67,191.67,191.51,191.56,364.211
896,896,1694012160000,191.57,191.63,191.49,191.49,208.936
897,897,1694012220000,191.5,191.63,191.5,191.62,209.565
898,898,1694012280000,191.61,191.75,191.59,191.75,240.498
899,899,1694012340000,191.74,191.83,191.64,191.76,539.314
900,900,1694012400000,191.76,191.78,191.57,191.78,521.038
901,901,1694012460000,191.78,192.1,191.78,192.08,1152.682
902,902,1694012520000,192.08,192.12,191.8,191.89,692.63
903,903,1694012580000,191.89,191.89,191.61,191.62,543.389
904,904,1694012640000,191.63,191.91,191.63,191.91,445.796
905,905,1694012700000,191.9,191.93,191.74,191.89,644.042
906,906,1694012760000,191.88,191.88,191.68,191.7,185.407
907,907,1694012820000,191.7,191.84,191.67,191.81,133.084
908,908,1694012880000,191.8,191.89,191.7,191.77,343.344
909,909,1694012940000,191.77,191.78,191.68,191.78,165.483
910,910,1694013000000,191.77,191.97,191.72,191.9,419.662
911,911,1694013060000,191.9,191.92,191.73,191.73,450.969
912,912,1694013120000,191.73,191.77,191.6,191.71,460.003
913,913,1694013180000,191.71,191.78,191.57,191.57,275.745
914,914,1694013240000,191.56,191.6,191.49,191.58,580.234
915,915,1694013300000,191.58,191.58,191.17,191.21,624.674
916,916,1694013360000,191.21,191.26,190.89,191.05,2624.262
917,917,1694013420000,191.05,191.15,190.42,190.66,4050.929
918,918,1694013480000,190.66,190.77,190.46,190.61,2417.31
919,919,1694013540000,190.6,191.07,190.6,190.94,2472.065
920,920,1694013600000,190.93,191.28,190.86,191.27,1029.718
921,921,1694013660000,191.27,191.34,191.15,191.24,518.361
922,922,1694013720000,191.24,191.38,191.2,191.37,721.804
923,923,1694013780000,191.36,191.87,191.36,191.87,1778.558
924,924,1694013840000,191.83,191.9,191.61,191.61,1234.609
925,925,1694013900000,191.61,191.72,191.55,191.62,606.282
926,926,1694013960000,191.61,191.72,191.58,191.72,371.899
927,927,1694014020000,191.72,191.82,191.64,191.81,585.952
928,928,1694014080000,191.81,191.82,191.75,191.78,339.361
929,929,1694014140000,191.77,191.82,191.71,191.74,409.715
930,930,1694014200000,191.73,191.88,191.65,191.82,452.421
931,931,1694014260000,191.83,191.96,191.82,191.92,480.609
932,932,1694014320000,191.91,191.98,191.73,191.73,616.67
933,933,1694014380000,191.74,191.86,191.55,191.85,593.0
934,934,1694014440000,191.85,191.85,191.74,191.82,204.572
935,935,1694014500000,191.81,191.88,191.76,191.79,185.463
936,936,1694014560000,191.79,191.94,191.7,191.9,326.845
937,937,1694014620000,191.9,192.0,191.89,191.98,349.049
938,938,1694014680000,191.97,192.05,191.88,192.02,299.821
939,939,1694014740000,192.01,192.03,191.88,191.88,251.298
940,940,1694014800000,191.87,192.08,191.86,192.07,210.988
941,941,1694014860000,192.07,192.08,192.0,192.07,233.301
942,942,1694014920000,192.06,192.29,192.06,192.16,1984.46
943,943,1694014980000,192.16,192.18,192.08,192.18,271.603
944,944,1694015040000,192.17,192.46,192.16,192.35,1324.095
945,945,1694015100000,192.36,192.59,192.33,192.49,1231.542
946,946,1694015160000,192.5,192.51,192.41,192.44,408.34
947,947,1694015220000,192.44,192.45,192.16,192.22,1221.027
948,948,1694015280000,192.21,192.21,191.98,192.07,1039.079
949,949,1694015340000,192.08,192.12,191.91,192.05,972.482
950,950,1694015400000,192.06,192.13,191.88,191.97,482.088
951,951,1694015460000,191.96,191.96,191.78,191.94,636.252
952,952,1694015520000,191.93,192.11,191.93,191.94,420.224
953,953,1694015580000,191.94,191.94,191.76,191.81,494.607
954,954,1694015640000,191.8,191.95,191.76,191.94,393.754
955,955,1694015700000,191.95,191.99,191.83,191.83,401.582
956,956,1694015760000,191.84,192.05,191.82,192.05,276.024
957,957,1694015820000,192.05,192.1,191.91,192.04,518.618
958,958,1694015880000,192.05,192.07,191.91,191.93,317.88
959,959,1694015940000,191.92,191.92,191.83,191.88,136.786
960,960,1694016000000,191.89,192.02,191.78,191.78,368.971
961,961,1694016060000,191.79,191.99,191.71,191.97,1001.624
962,962,1694016120000,191.98,192.11,191.97,192.07,770.116
963,963,1694016180000,192.08,192.09,191.81,191.87,314.044
964,964,1694016240000,191.87,192.14,191.84,192.02,578.648
965,965,1694016300000,192.02,192.22,192.01,192.2,479.475
966,966,1694016360000,192.19,192.22,192.11,192.19,246.172
967,967,1694016420000,192.19,192.38,192.18,192.26,560.935
968,968,1694016480000,192.27,192.38,192.24,192.27,440.725
969,969,1694016540000,192.27,192.28,192.03,192.03,493.77
970,970,1694016600000,192.03,192.04,191.88,191.97,490.005
971,971,1694016660000,191.97,192.05,191.9,192.02,528.688
972,972,1694016720000,192.01,192.01,191.79,191.79,397.866
973,973,1694016780000,191.79,191.81,191.69,191.7,552.827
974,974,1694016840000,191.7,191.76,191.59,191.75,808.809
975,975,1694016900000,191.75,191.91,191.67,191.88,979.187
976,976,1694016960000,191.88,192.0,191.79,192.0,316.651
977,977,1694017020000,192.0,192.21,191.98,192.15,673.55
978,978,1694017080000,192.14,192.15,191.73,191.75,638.39
979,979,1694017140000,191.75,191.85,191.73,191.76,478.067
980,980,1694017200000,191.76,191.83,191.71,191.8,439.482
981,981,1694017260000,191.8,191.8,191.7,191.73,251.348
982,982,1694017320000,191.74,191.89,191.7,191.84,215.727
983,983,1694017380000,191.83,192.24,191.83,192.23,463.554
984,984,1694017440000,192.24,192.3,192.13,192.27,498.218
985,985,1694017500000,192.28,192.33,192.19,192.3,559.633
986,986,1694017560000,192.31,192.35,192.14,192.14,447.685
987,987,1694017620000,192.15,192.33,192.12,192.29,309.299
988,988,1694017680000,192.28,192.3,192.23,192.23,107.551
989,989,1694017740000,192.24,192.24,192.03,192.07,161.476
990,990,1694017800000,192.08,192.08,191.97,191.97,361.135
991,991,1694017860000,191.96,192.09,191.94,192.09,342.727
992,992,1694017920000,192.09,192.23,191.98,192.19,329.51
993,993,1694017980000,192.19,192.3,192.17,192.29,623.85
994,994,1694018040000,192.29,192.29,192.17,192.21,252.899
995,995,1694018100000,192.21,192.31,192.15,192.26,222.826
996,996,1694018160000,192.26,192.26,192.1,192.11,156.008
997,997,1694018220000,192.12,192.12,192.05,192.05,93.453
998,998,1694018280000,192.05,192.1,192.05,192.08,132.539
999,999,1694018340000,192.07,192.07,191.98,192.03,257.612
1000,1000,1694018400000,192.04,192.18,191.97,192.08,583.561
1001,1001,1694018460000,192.07,192.3,192.07,192.29,260.61
1002,1002,1694018520000,192.3,192.32,192.17,192.19,308.057
1003,1003,1694018580000,192.2,192.31,192.14,192.14,461.281
1004,1004,1694018640000,192.14,192.14,192.03,192.06,472.554
1005,1005,1694018700000,192.07,192.11,191.96,192.0,353.337
1006,1006,1694018760000,192.0,192.04,191.95,191.98,387.846
1007,1007,1694018820000,191.99,192.17,191.99,192.17,358.616
1008,1008,1694018880000,192.17,192.22,192.09,192.1,228.006
1009,1009,1694018940000,192.1,192.3,192.03,192.28,268.843
1010,1010,1694019000000,192.28,192.57,192.23,192.5,1024.978
1011,1011,1694019060000,192.49,192.55,192.27,192.27,764.206
1012,1012,1694019120000,192.27,192.32,192.12,192.15,180.035
1013,1013,1694019180000,192.15,192.28,192.12,192.19,462.583
1014,1014,1694019240000,192.2,192.3,192.15,192.27,140.952
1015,1015,1694019300000,192.26,192.34,192.24,192.26,349.663
1016,1016,1694019360000,192.26,192.3,192.18,192.2,246.004
1017,1017,1694019420000,192.19,192.22,192.11,192.11,71.764
1018,1018,1694019480000,192.11,192.23,192.11,192.16,169.436
1019,1019,1694019540000,192.15,192.15,191.89,191.9,796.421
1020,1020,1694019600000,191.91,191.91,191.75,191.76,1078.886
1021,1021,1694019660000,191.76,191.86,191.7,191.71,321.584
1022,1022,1694019720000,191.7,191.71,191.49,191.51,1327.103
1023,1023,1694019780000,191.51,191.51,191.33,191.35,1374.913
1024,1024,1694019840000,191.34,191.46,191.27,191.35,1208.436
1025,1025,1694019900000,191.34,191.35,189.28,190.27,25012.666
1026,1026,1694019960000,190.26,190.56,189.31,190.29,9204.452
1027,1027,1694020020000,190.3,190.56,190.09,190.21,3240.463
1028,1028,1694020080000,190.21,190.53,190.16,190.29,1921.716
1029,1029,1694020140000,190.29,190.84,190.29,190.67,2951.68
1030,1030,1694020200000,190.66,190.86,190.61,190.78,1708.687
1031,1031,1694020260000,190.79,191.12,190.7,191.12,1742.963
1032,1032,1694020320000,191.12,191.5,191.04,191.23,3178.737
1033,1033,1694020380000,191.22,191.34,191.0,191.15,2060.869
1034,1034,1694020440000,191.15,191.18,190.94,191.11,1334.78
1035,1035,1694020500000,191.07,191.2,190.92,191.2,1288.165
1036,1036,1694020560000,191.2,191.25,190.86,190.89,1098.447
1037,1037,1694020620000,190.89,190.99,190.6,190.74,2032.278
1038,1038,1694020680000,190.74,191.09,190.74,191.03,1885.273
1039,1039,1694020740000,191.02,191.08,190.72,190.94,1322.328
1040,1040,1694020800000,190.94,191.0,190.63,190.88,871.024
1041,1041,1694020860000,190.89,191.42,190.82,191.27,1811.527
1042,1042,1694020920000,191.26,191.36,191.05,191.28,728.374
1043,1043,1694020980000,191.29,191.37,191.16,191.29,795.317
1044,1044,1694021040000,191.29,191.55,191.22,191.5,813.117
1045,1045,1694021100000,191.49,192.0,191.43,191.99,1863.605
1046,1046,1694021160000,191.99,192.13,191.8,192.08,2135.428
1047,1047,1694021220000,192.08,192.08,191.76,191.9,1272.342
1048,1048,1694021280000,191.9,192.15,191.74,192.09,1788.789
1049,1049,1694021340000,192.08,192.21,191.93,191.95,1516.938
1050,1050,1694021400000,191.96,192.09,191.85,191.89,636.177
1051,1051,1694021460000,191.9,191.93,191.78,191.91,687.515
1052,1052,1694021520000,191.9,191.9,191.63,191.69,472.908
1053,1053,1694021580000,191.68,191.72,191.65,191.72,319.738
1054,1054,1694021640000,191.72,191.86,191.69,191.8,374.101
1055,1055,1694021700000,191.79,191.86,191.66,191.66,604.589
1056,1056,1694021760000,191.65,192.02,191.64,192.02,528.48
1057,1057,1694021820000,192.01,192.3,192.01,192.28,1409.711
1058,1058,1694021880000,192.28,192.5,192.25,192.47,1297.557
1059,1059,1694021940000,192.47,192.5,192.27,192.43,1121.222
1060,1060,1694022000000,192.42,192.58,192.34,192.58,971.547
1061,1061,1694022060000,192.58,192.65,192.49,192.56,1237.414
1062,1062,1694022120000,192.54,192.72,192.53,192.7,747.616
1063,1063,1694022180000,192.7,192.81,192.66,192.81,588.229
1064,1064,1694022240000,192.8,192.93,192.72,192.81,1968.992
1065,1065,1694022300000,192.8,192.88,192.68,192.69,560.284
1066,1066,1694022360000,192.68,192.71,192.48,192.5,1424.4
1067,1067,1694022420000,192.5,192.57,192.43,192.47,791.524
1068,1068,1694022480000,192.46,192.59,192.33,192.57,1374.779
1069,1069,1694022540000,192.57,192.7,192.56,192.63,699.015
1070,1070,1694022600000,192.64,192.74,192.35,192.4,1058.979
1071,1071,1694022660000,192.41,192.6,192.4,192.6,458.045
1072,1072,1694022720000,192.6,192.6,192.3,192.4,2257.605
1073,1073,1694022780000,192.39,193.3,192.39,193.2,7542.047
1074,1074,1694022840000,193.18,193.84,193.18,193.76,7898.233
1075,1075,1694022900000,193.75,194.88,193.68,194.75,13572.464
1076,1076,1694022960000,194.75,195.95,194.69,195.44,20598.743
1077,1077,1694023020000,195.43,195.47,194.12,194.22,9596.763
1078,1078,1694023080000,194.22,194.62,194.09,194.24,4843.19
1079,1079,1694023140000,194.25,194.35,193.76,193.98,6355.079
1080,1080,1694023200000,193.95,194.79,193.95,194.73,3438.772
1081,1081,1694023260000,194.71,194.94,194.6,194.75,2916.632
1082,1082,1694023320000,194.74,194.86,194.56,194.58,2284.796
1083,1083,1694023380000,194.58,194.9,194.33,194.33,2007.11
1084,1084,1694023440000,194.33,194.49,193.75,193.85,5181.28
1085,1085,1694023500000,193.86,194.18,193.76,194.08,4136.286
1086,1086,1694023560000,194.08,194.28,194.02,194.28,1172.253
1087,1087,1694023620000,194.27,194.28,193.8,193.81,2284.367
1088,1088,1694023680000,193.82,194.06,193.75,193.92,1567.823
1089,1089,1694023740000,193.89,194.04,193.56,193.59,1330.028
1090,1090,1694023800000,193.59,193.69,193.55,193.59,1825.449
1091,1091,1694023860000,193.58,193.58,192.88,192.93,4746.439
1092,1092,1694023920000,192.93,193.1,192.68,192.87,2170.222
1093,1093,1694023980000,192.86,193.06,192.76,192.97,1621.193
1094,1094,1694024040000,192.96,193.38,192.88,193.24,1871.401
1095,1095,1694024100000,193.24,193.43,193.07,193.27,1163.147
1096,1096,1694024160000,193.26,193.36,193.2,193.24,1184.626
1097,1097,1694024220000,193.24,193.28,192.88,192.88,1165.851
1098,1098,1694024280000,192.88,193.16,192.77,192.82,1345.532
1099,1099,1694024340000,192.82,193.0,192.82,192.96,839.552
1100,1100,1694024400000,192.96,192.96,192.45,192.54,1771.138
1101,1101,1694024460000,192.53,192.69,192.03,192.62,4153.296
1102,1102,1694024520000,192.62,192.79,192.4,192.47,1254.022
1103,1103,1694024580000,192.47,192.47,191.95,192.01,3296.551
1104,1104,1694024640000,192.01,192.37,191.69,192.17,4352.423
1105,1105,1694024700000,192.16,192.24,191.83,192.05,1714.386
1106,1106,1694024760000,192.05,192.43,192.05,192.37,1321.226
1107,1107,1694024820000,192.34,192.38,192.2,192.29,649.029
1108,1108,1694024880000,192.29,192.54,192.23,192.35,1727.732
1109,1109,1694024940000,192.35,192.55,192.24,192.4,781.851
1110,1110,1694025000000,192.39,192.4,192.04,192.16,818.873
1111,1111,1694025060000,192.16,192.24,191.86,192.16,1087.658
1112,1112,1694025120000,192.15,192.15,191.97,192.1,703.888
1113,1113,1694025180000,192.1,192.19,192.02,192.13,767.068
1114,1114,1694025240000,192.11,192.11,191.96,191.96,450.923
1115,1115,1694025300000,191.96,192.0,191.81,191.98,725.614
1116,1116,1694025360000,191.99,192.12,191.84,191.85,731.019
1117,1117,1694025420000,191.86,192.06,191.84,192.01,670.569
1118,1118,1694025480000,192.01,192.06,191.86,191.96,446.982
1119,1119,1694025540000,191.96,192.13,191.96,192.13,316.005
1120,1120,1694025600000,192.12,192.22,192.08,192.13,608.027
1121,1121,1694025660000,192.13,192.38,192.01,192.38,486.973
1122,1122,1694025720000,192.39,192.86,192.39,192.82,1758.848
1123,1123,1694025780000,192.8,192.87,192.49,192.52,1044.731
1124,1124,1694025840000,192.52,192.7,192.52,192.62,298.207
1125,1125,1694025900000,192.61,192.94,192.59,192.91,588.444
1126,1126,1694025960000,192.9,192.93,192.67,192.69,720.535
1127,1127,1694026020000,192.69,192.82,192.51,192.75,932.277
1128,1128,1694026080000,192.75,192.8,192.64,192.76,372.331
1129,1129,1694026140000,192.75,192.75,192.53,192.58,506.519
1130,1130,1694026200000,192.59,192.77,192.58,192.68,474.815
1131,1131,1694026260000,192.67,192.67,192.52,192.53,471.82
1132,1132,1694026320000,192.53,192.67,192.48,192.51,480.223
1133,1133,1694026380000,192.51,192.56,192.33,192.42,533.555
1134,1134,1694026440000,192.43,192.49,192.41,192.43,295.966
1135,1135,1694026500000,192.43,192.43,192.17,192.17,829.272
1136,1136,1694026560000,192.16,192.25,192.11,192.15,496.183
1137,1137,1694026620000,192.15,192.18,191.85,191.9,2018.464
1138,1138,1694026680000,191.91,192.02,191.9,191.94,396.563
1139,1139,1694026740000,191.93,191.93,191.68,191.7,1333.082
1140,1140,1694026800000,191.7,191.78,191.48,191.74,2186.806
1141,1141,1694026860000,191.75,191.75,191.5,191.61,1386.577
1142,1142,1694026920000,191.61,191.74,191.55,191.72,438.831
1143,1143,1694026980000,191.73,191.73,191.6,191.64,486.345
1144,1144,1694027040000,191.64,191.72,191.58,191.59,644.285
1145,1145,1694027100000,191.6,191.74,191.43,191.51,1131.267
1146,1146,1694027160000,191.51,191.67,191.5,191.66,637.969
1147,1147,1694027220000,191.66,191.67,191.62,191.62,195.372
1148,1148,1694027280000,191.62,191.77,191.55,191.77,355.656
1149,1149,1694027340000,191.77,191.77,191.6,191.66,267.955
1150,1150,1694027400000,191.67,191.67,191.5,191.54,1101.756
1151,1151,1694027460000,191.53,191.8,191.5,191.78,553.599
1152,1152,1694027520000,191.78,191.9,191.7,191.87,543.698
1153,1153,1694027580000,191.88,191.92,191.84,191.87,576.201
1154,1154,1694027640000,191.86,192.01,191.84,192.0,338.589
1155,1155,1694027700000,192.01,192.11,191.97,192.05,435.131
1156,1156,1694027760000,192.05,192.25,192.03,192.2,619.183
1157,1157,1694027820000,192.19,192.23,192.06,192.23,498.076
1158,1158,1694027880000,192.23,192.42,192.22,192.26,427.864
1159,1159,1694027940000,192.26,192.37,192.23,192.35,393.677
1160,1160,1694028000000,192.35,192.46,192.32,192.37,504.337
1161,1161,1694028060000,192.37,192.42,192.31,192.32,403.942
1162,1162,1694028120000,192.31,192.46,192.31,192.45,231.692
1163,1163,1694028180000,192.46,192.55,192.42,192.54,248.827
1164,1164,1694028240000,192.54,192.54,192.4,192.44,326.303
1165,1165,1694028300000,192.45,192.52,192.42,192.46,258.958
1166,1166,1694028360000,192.47,192.5,192.38,192.38,319.001
1167,1167,1694028420000,192.37,192.37,192.27,192.31,491.729
1168,1168,1694028480000,192.3,192.34,192.3,192.33,150.283
1169,1169,1694028540000,192.33,192.43,192.25,192.4,355.126
1170,1170,1694028600000,192.41,192.44,192.33,192.41,110.717
1171,1171,1694028660000,192.42,192.58,192.41,192.58,149.508
1172,1172,1694028720000,192.58,192.63,192.39,192.39,891.537
1173,1173,1694028780000,192.39,192.54,192.37,192.54,178.165
1174,1174,1694028840000,192.54,192.62,192.5,192.5,340.516
1175,1175,1694028900000,192.51,192.66,192.49,192.65,215.377
1176,1176,1694028960000,192.64,192.71,192.62,192.71,199.008
1177,1177,1694029020000,192.72,192.75,192.61,192.61,513.578
1178,1178,1694029080000,192.61,192.71,192.59,192.71,160.567
1179,1179,1694029140000,192.72,192.72,192.61,192.71,129.102
1180,1180,1694029200000,192.7,192.77,192.62,192.77,276.831
1181,1181,1694029260000,192.77,192.82,192.69,192.69,469.018
1182,1182,1694029320000,192.68,192.7,192.61,192.67,239.33
1183,1183,1694029380000,192.67,192.73,192.66,192.7,141.185
1184,1184,1694029440000,192.71,192.8,192.66,192.8,446.386
1185,1185,1694029500000,192.8,192.85,192.79,192.79,191.834
1186,1186,1694029560000,192.79,192.79,192.65,192.73,249.817
1187,1187,1694029620000,192.73,192.83,192.73,192.73,315.22
1188,1188,1694029680000,192.73,192.75,192.7,192.75,125.285
1189,1189,1694029740000,192.75,192.75,192.67,192.69,151.953
1190,1190,1694029800000,192.7,192.78,192.58,192.58,553.308
1191,1191,1694029860000,192.59,192.68,192.54,192.54,447.414
1192,1192,1694029920000,192.54,192.67,192.52,192.64,225.548
1193,1193,1694029980000,192.63,192.63,192.36,192.37,257.261
1194,1194,1694030040000,192.36,192.44,192.33,192.41,358.315
1195,1195,1694030100000,192.41,192.41,192.37,192.38,132.584
1196,1196,1694030160000,192.39,192.39,192.38,192.39,50.765
1197,1197,1694030220000,192.38,192.42,192.29,192.4,373.041
1198,1198,1694030280000,192.4,192.43,192.31,192.32,108.62
1199,1199,1694030340000,192.33,192.44,192.26,192.44,247.898
1200,1200,1694030400000,192.44,192.52,192.39,192.46,234.412
1201,1201,1694030460000,192.45,192.64,192.44,192.64,190.191
1202,1202,1694030520000,192.65,192.8,192.65,192.74,642.649
1203,1203,1694030580000,192.75,192.83,192.75,192.83,429.894
1204,1204,1694030640000,192.83,192.87,192.79,192.84,228.347
1205,1205,1694030700000,192.84,192.86,192.79,192.84,150.719
1206,1206,1694030760000,192.84,192.84,192.74,192.75,141.402
1207,1207,1694030820000,192.75,192.83,192.74,192.8,484.353
1208,1208,1694030880000,192.8,192.84,192.79,192.83,125.576
1209,1209,1694030940000,192.83,192.96,192.81,192.92,525.453
1210,1210,1694031000000,192.93,192.97,192.92,192.95,253.248
1211,1211,1694031060000,192.94,192.97,192.94,192.97,114.397
1212,1212,1694031120000,192.97,192.97,192.87,192.91,356.888
1213,1213,1694031180000,192.9,192.95,192.9,192.95,36.958
1214,1214,1694031240000,192.95,192.95,192.78,192.83,435.033
1215,1215,1694031300000,192.83,192.91,192.83,192.9,83.372
1216,1216,1694031360000,192.89,192.94,192.89,192.9,116.51
1217,1217,1694031420000,192.9,192.97,192.9,192.93,115.001
1218,1218,1694031480000,192.92,192.92,192.79,192.79,205.155
1219,1219,1694031540000,192.8,192.8,192.62,192.62,359.536
1220,1220,1694031600000,192.62,192.78,192.62,192.78,253.981
1221,1221,1694031660000,192.78,192.8,192.68,192.68,147.85
1222,1222,1694031720000,192.68,192.72,192.66,192.71,120.542
1223,1223,1694031780000,192.71,192.77,192.52,192.52,406.145
1224,1224,1694031840000,192.53,192.56,192.48,192.49,141.172
1225,1225,1694031900000,192.49,192.52,192.42,192.47,258.435
1226,1226,1694031960000,192.46,192.46,192.34,192.39,205.649
1227,1227,1694032020000,192.38,192.5,192.38,192.4,132.878
1228,1228,1694032080000,192.4,192.5,192.4,192.47,131.829
1229,1229,1694032140000,192.46,192.46,192.4,192.43,289.536
1230,1230,1694032200000,192.43,192.45,192.37,192.4,196.217
1231,1231,1694032260000,192.41,192.62,192.41,192.62,245.808
1232,1232,1694032320000,192.62,192.66,192.59,192.66,226.241
1233,1233,1694032380000,192.66,192.66,192.53,192.53,239.304
1234,1234,1694032440000,192.53,192.63,192.52,192.63,122.838
1235,1235,1694032500000,192.62,192.71,192.52,192.71,326.325
1236,1236,1694032560000,192.72,192.76,192.72,192.76,36.219
1237,1237,1694032620000,192.76,192.81,192.71,192.77,308.09
1238,1238,1694032680000,192.77,192.83,192.75,192.83,135.886
1239,1239,1694032740000,192.83,192.84,192.76,192.76,76.004
1240,1240,1694032800000,192.76,192.76,192.7,192.73,139.8
1241,1241,1694032860000,192.74,192.84,192.74,192.84,326.987
1242,1242,1694032920000,192.85,192.93,192.85,192.91,224.051
1243,1243,1694032980000,192.91,192.97,192.88,192.97,215.693
1244,1244,1694033040000,192.98,193.05,192.95,193.01,625.802
1245,1245,1694033100000,193.01,193.03,192.96,192.98,413.604
1246,1246,1694033160000,192.98,192.99,192.93,192.98,357.338
1247,1247,1694033220000,192.98,192.99,192.85,192.88,376.964
1248,1248,1694033280000,192.89,192.95,192.87,192.89,316.247
1249,1249,1694033340000,192.89,192.89,192.79,192.81,306.065
1250,1250,1694033400000,192.82,192.85,192.74,192.74,189.591
1251,1251,1694033460000,192.74,192.75,192.59,192.67,347.34
1252,1252,1694033520000,192.67,192.67,192.56,192.6,500.833
1253,1253,1694033580000,192.59,192.68,192.58,192.61,162.933
1254,1254,1694033640000,192.61,192.68,192.61,192.67,392.929
1255,1255,1694033700000,192.68,192.68,192.55,192.67,302.418
1256,1256,1694033760000,192.66,192.69,192.62,192.63,167.97
1257,1257,1694033820000,192.63,192.66,192.58,192.58,107.456
1258,1258,1694033880000,192.57,192.64,192.52,192.56,170.326
1259,1259,1694033940000,192.53,192.55,192.46,192.52,132.153
1260,1260,1694034000000,192.52,192.55,192.44,192.51,271.421
1261,1261,1694034060000,192.5,192.68,192.43,192.68,230.901
1262,1262,1694034120000,192.68,192.75,192.68,192.7,224.801
1263,1263,1694034180000,192.7,192.7,192.61,192.67,155.062
1264,1264,1694034240000,192.66,192.8,192.66,192.76,318.541
1265,1265,1694034300000,192.74,192.74,192.61,192.67,162.361
1266,1266,1694034360000,192.67,192.7,192.64,192.7,67.864
1267,1267,1694034420000,192.7,192.72,192.65,192.66,98.887
1268,1268,1694034480000,192.65,192.75,192.65,192.73,115.272
1269,1269,1694034540000,192.72,192.76,192.72,192.75,105.279
1270,1270,1694034600000,192.76,192.83,192.76,192.82,121.981
1271,1271,1694034660000,192.82,192.97,192.81,192.96,567.681
1272,1272,1694034720000,192.96,192.98,192.81,192.81,614.953
1273,1273,1694034780000,192.81,192.85,192.78,192.83,179.487
1274,1274,1694034840000,192.84,193.0,192.84,192.99,196.44
1275,1275,1694034900000,193.0,193.0,192.95,192.95,76.756
1276,1276,1694034960000,192.95,192.99,192.93,192.99,87.139
1277,1277,1694035020000,192.99,193.0,192.98,192.99,38.447
1278,1278,1694035080000,192.98,192.99,192.93,192.95,210.443
1279,1279,1694035140000,192.95,192.98,192.93,192.94,337.906
1280,1280,1694035200000,192.94,192.97,192.94,192.96,148.991
1281,1281,1694035260000,192.97,192.99,192.95,192.99,50.682
1282,1282,1694035320000,192.99,192.99,192.89,192.9,210.155
1283,1283,1694035380000,192.89,193.2,192.89,193.16,1328.383
1284,1284,1694035440000,193.16,193.22,193.0,193.06,856.042
1285,1285,1694035500000,193.06,193.07,193.02,193.03,72.517
1286,1286,1694035560000,193.03,193.18,193.03,193.18,126.848
1287,1287,1694035620000,193.19,193.58,193.19,193.5,1543.134
1288,1288,1694035680000,193.49,193.53,193.36,193.39,378.727
1289,1289,1694035740000,193.39,193.43,193.2,193.29,403.122
1290,1290,1694035800000,193.29,193.32,193.25,193.31,146.036
1291,1291,1694035860000,193.31,193.38,193.24,193.37,172.665
1292,1292,1694035920000,193.37,193.63,193.37,193.45,946.394
1293,1293,1694035980000,193.45,193.48,193.42,193.42,100.667
1294,1294,1694036040000,193.42,193.46,193.37,193.45,125.415
1295,1295,1694036100000,193.46,193.47,193.39,193.45,98.259
1296,1296,1694036160000,193.44,193.45,193.43,193.44,54.57
1297,1297,1694036220000,193.44,193.44,193.24,193.25,348.469
1298,1298,1694036280000,193.25,193.25,193.21,193.23,105.212
1299,1299,1694036340000,193.24,193.3,193.23,193.26,56.001
1300,1300,1694036400000,193.26,193.39,193.26,193.39,249.781
1301,1301,1694036460000,193.4,193.45,193.39,193.39,117.054
1302,1302,1694036520000,193.38,193.5,193.35,193.36,316.827
1303,1303,1694036580000,193.37,193.37,193.34,193.36,129.948
1304,1304,1694036640000,193.37,193.47,193.37,193.47,83.204
1305,1305,1694036700000,193.47,193.49,193.46,193.49,25.787
1306,1306,1694036760000,193.49,193.57,193.49,193.57,220.332
1307,1307,1694036820000,193.57,193.58,193.52,193.54,108.091
1308,1308,1694036880000,193.54,193.54,193.5,193.5,57.876
1309,1309,1694036940000,193.5,193.51,193.4,193.43,348.893
1310,1310,1694037000000,193.43,193.43,193.36,193.36,86.759
1311,1311,1694037060000,193.37,193.41,193.35,193.39,69.77
1312,1312,1694037120000,193.39,193.42,193.39,193.4,29.511
1313,1313,1694037180000,193.4,193.54,193.4,193.54,108.625
1314,1314,1694037240000,193.54,193.55,193.46,193.46,198.904
1315,1315,1694037300000,193.45,193.49,193.4,193.49,159.603
1316,1316,1694037360000,193.48,193.56,193.48,193.55,166.724
1317,1317,1694037420000,193.55,193.56,193.47,193.48,87.543
1318,1318,1694037480000,193.48,193.48,193.41,193.42,107.678
1319,1319,1694037540000,193.42,193.44,193.29,193.29,529.955
1320,1320,1694037600000,193.29,193.34,193.23,193.34,669.679
1321,1321,1694037660000,193.34,193.43,193.33,193.42,123.206
1322,1322,1694037720000,193.43,193.88,193.42,193.56,2179.929
1323,1323,1694037780000,193.55,193.65,193.54,193.65,158.687
1324,1324,1694037840000,193.64,193.88,193.64,193.81,1346.065
1325,1325,1694037900000,193.81,193.82,193.68,193.77,564.756
1326,1326,1694037960000,193.77,193.8,193.69,193.75,186.012
1327,1327,1694038020000,193.74,193.88,193.74,193.87,403.285
1328,1328,1694038080000,193.87,193.9,193.84,193.85,261.307
1329,1329,1694038140000,193.86,193.9,193.86,193.87,433.278
1330,1330,1694038200000,193.86,193.91,193.75,193.83,404.594
1331,1331,1694038260000,193.84,193.88,193.84,193.85,289.602
1332,1332,1694038320000,193.85,193.89,193.73,193.82,489.33
1333,1333,1694038380000,193.82,193.83,193.35,193.37,2585.819
1334,1334,1694038440000,193.37,193.44,193.32,193.33,733.668
1335,1335,1694038500000,193.33,193.37,193.2,193.2,767.535
1336,1336,1694038560000,193.21,193.35,193.21,193.28,427.982
1337,1337,1694038620000,193.28,193.38,193.2,193.38,285.695
1338,1338,1694038680000,193.39,193.4,193.24,193.31,148.177
1339,1339,1694038740000,193.31,193.31,193.27,193.29,122.358
1340,1340,1694038800000,193.29,193.39,193.29,193.34,191.524
1341,1341,1694038860000,193.34,193.4,193.34,193.39,63.74
1342,1342,1694038920000,193.39,193.39,193.17,193.25,348.08
1343,1343,1694038980000,193.26,193.29,193.22,193.28,173.366
1344,1344,1694039040000,193.29,193.47,193.29,193.47,228.215
1345,1345,1694039100000,193.47,193.53,193.33,193.53,393.065
1346,1346,1694039160000,193.53,193.53,193.38,193.38,258.967
1347,1347,1694039220000,193.39,193.43,193.35,193.43,202.462
1348,1348,1694039280000,193.43,193.43,193.31,193.34,102.021
1349,1349,1694039340000,193.35,193.56,193.28,193.3,1001.289
1350,1350,1694039400000,193.3,193.37,193.29,193.37,325.351
1351,1351,1694039460000,193.37,193.43,193.35,193.36,358.996
1352,1352,1694039520000,193.36,193.46,193.25,193.26,462.967
1353,1353,1694039580000,193.27,193.28,193.22,193.23,99.618
1354,1354,1694039640000,193.23,193.35,193.23,193.27,292.129
1355,1355,1694039700000,193.27,193.27,193.04,193.14,478.815
1356,1356,1694039760000,193.14,193.22,193.13,193.17,330.057
1357,1357,1694039820000,193.17,193.25,193.16,193.2,99.23
1358,1358,1694039880000,193.2,193.32,193.2,193.29,452.147
1359,1359,1694039940000,193.29,193.32,193.24,193.32,272.048
1360,1360,1694040000000,193.31,193.38,193.27,193.37,531.75
1361,1361,1694040060000,193.37,193.5,193.37,193.5,684.563
1362,1362,1694040120000,193.5,193.61,193.45,193.56,1093.736
1363,1363,1694040180000,193.55,193.55,193.5,193.51,164.831
1364,1364,1694040240000,193.51,193.7,193.5,193.54,1130.866
1365,1365,1694040300000,193.55,193.55,193.34,193.38,604.965
1366,1366,1694040360000,193.37,193.38,193.27,193.34,366.715
1367,1367,1694040420000,193.34,193.34,193.28,193.29,98.478
1368,1368,1694040480000,193.29,193.35,193.25,193.35,318.557
1369,1369,1694040540000,193.34,193.37,193.25,193.33,140.758
1370,1370,1694040600000,193.34,193.52,193.33,193.52,211.512
1371,1371,1694040660000,193.51,193.52,193.31,193.35,384.126
1372,1372,1694040720000,193.35,193.36,193.15,193.15,441.331
1373,1373,1694040780000,193.15,193.18,193.08,193.12,550.643
1374,1374,1694040840000,193.12,193.27,193.12,193.26,237.868
1375,1375,1694040900000,193.27,193.27,193.17,193.17,159.814
1376,1376,1694040960000,193.18,193.18,193.03,193.03,507.207
1377,1377,1694041020000,193.02,193.09,193.0,193.09,354.746
1378,1378,1694041080000,193.1,193.14,193.1,193.14,209.315
1379,1379,1694041140000,193.14,193.32,193.14,193.22,222.99
1380,1380,1694041200000,193.23,193.3,193.13,193.13,215.819
1381,1381,1694041260000,193.13,193.25,193.12,193.19,556.633
1382,1382,1694041320000,193.19,193.29,193.15,193.25,260.676
1383,1383,1694041380000,193.24,193.28,193.18,193.28,394.168
1384,1384,1694041440000,193.28,193.35,193.21,193.27,331.118
1385,1385,1694041500000,193.28,193.28,193.19,193.24,124.555
1386,1386,1694041560000,193.25,193.25,193.21,193.21,73.387
1387,1387,1694041620000,193.21,193.24,193.12,193.13,303.75
1388,1388,1694041680000,193.13,193.13,193.08,193.08,87.783
1389,1389,1694041740000,193.09,193.12,193.08,193.09,74.682
1390,1390,1694041800000,193.1,193.13,193.08,193.12,235.452
1391,1391,1694041860000,193.13,193.13,193.04,193.04,294.522
1392,1392,1694041920000,193.04,193.15,193.0,193.15,414.746
1393,1393,1694041980000,193.16,193.18,193.14,193.16,114.791
1394,1394,1694042040000,193.16,193.2,193.12,193.2,191.651
1395,1395,1694042100000,193.2,193.2,193.16,193.17,34.28
1396,1396,1694042160000,193.17,193.28,193.09,193.27,345.534
1397,1397,1694042220000,193.27,193.39,193.27,193.38,144.87
1398,1398,1694042280000,193.37,193.47,193.36,193.46,190.764
1399,1399,1694042340000,193.47,193.5,193.32,193.34,249.929
1400,1400,1694042400000,193.36,193.39,193.31,193.31,213.219
1401,1401,1694042460000,193.31,193.37,193.31,193.34,117.459
1402,1402,1694042520000,193.34,193.4,193.31,193.39,118.973
1403,1403,1694042580000,193.4,193.44,193.34,193.34,109.882
1404,1404,1694042640000,193.34,193.37,193.29,193.3,238.475
1405,1405,1694042700000,193.3,193.3,193.15,193.17,262.776
1406,1406,1694042760000,193.18,193.27,193.17,193.26,153.504
1407,1407,1694042820000,193.26,193.26,193.16,193.18,106.411
1408,1408,1694042880000,193.17,193.26,193.11,193.26,221.418
1409,1409,1694042940000,193.27,193.28,193.19,193.19,129.557
1410,1410,1694043000000,193.19,193.19,193.11,193.15,324.789
1411,1411,1694043060000,193.15,193.18,193.06,193.06,366.309
1412,1412,1694043120000,193.06,193.14,193.01,193.14,334.633
1413,1413,1694043180000,193.15,193.15,193.0,193.03,402.584
1414,1414,1694043240000,193.02,193.04,192.9,192.92,571.689
1415,1415,1694043300000,192.93,193.13,192.92,193.13,228.86
1416,1416,1694043360000,193.12,193.14,193.01,193.01,135.279
1417,1417,1694043420000,193.01,193.01,192.94,192.96,230.393
1418,1418,1694043480000,192.96,192.97,192.89,192.92,392.704
1419,1419,1694043540000,192.92,192.94,192.86,192.93,238.209
1420,1420,1694043600000,192.94,193.03,192.85,192.85,212.372
1421,1421,1694043660000,192.84,192.89,192.84,192.85,182.382
1422,1422,1694043720000,192.85,192.85,192.8,192.81,130.213
1423,1423,1694043780000,192.81,192.83,192.79,192.8,231.955
1424,1424,1694043840000,192.8,192.9,192.8,192.86,100.167
1425,1425,1694043900000,192.86,192.9,192.8,192.85,160.594
1426,1426,1694043960000,192.86,192.93,192.86,192.92,67.222
1427,1427,1694044020000,192.92,193.08,192.9,193.08,532.382
1428,1428,1694044080000,193.08,193.08,192.99,193.06,118.41
1429,1429,1694044140000,193.07,193.08,193.05,193.05,90.104
1430,1430,1694044200000,193.05,193.05,192.91,192.91,193.482
1431,1431,1694044260000,192.91,192.97,192.9,192.97,106.42
1432,1432,1694044320000,192.97,193.03,192.92,192.97,149.558
1433,1433,1694044380000,192.97,192.99,192.93,192.98,98.458
1434,1434,1694044440000,192.98,192.98,192.96,192.96,80.994
1435,1435,1694044500000,192.95,192.98,192.94,192.94,145.362
1436,1436,1694044560000,192.95,192.99,192.92,192.94,237.274
1437,1437,1694044620000,192.94,193.0,192.94,193.0,45.362
1438,1438,1694044680000,192.99,193.03,192.99,192.99,77.37
1439,1439,1694044740000,193.0,193.03,192.99,193.01,64.26
