,index,timestamp,open,high,low,close,volume
0,0,1694217600000,0.5432,0.5438,0.5432,0.5433,43725
1,1,1694217660000,0.5432,0.5434,0.5431,0.5434,16446
2,2,1694217720000,0.5435,0.5446,0.5434,0.5446,37203
3,3,1694217780000,0.5446,0.5446,0.5438,0.5439,18202
4,4,1694217840000,0.5439,0.544,0.5436,0.5436,9305
5,5,1694217900000,0.5437,0.5439,0.5436,0.5437,15286
6,6,1694217960000,0.5438,0.5443,0.5437,0.5438,19282
7,7,1694218020000,0.5438,0.5439,0.5432,0.5435,40338
8,8,1694218080000,0.5434,0.5436,0.5433,0.5434,10588
9,9,1694218140000,0.5433,0.5439,0.5432,0.5437,21172
10,10,1694218200000,0.5437,0.544,0.5436,0.5436,12240
11,11,1694218260000,0.5437,0.5437,0.5434,0.5434,5589
12,12,1694218320000,0.5434,0.5434,0.5432,0.5432,5889
13,13,1694218380000,0.5433,0.5433,0.5431,0.5431,2947
14,14,1694218440000,0.5432,0.5434,0.543,0.5432,17735
15,15,1694218500000,0.5432,0.5432,0.5428,0.5429,5831
16,16,1694218560000,0.543,0.5432,0.5429,0.5432,7488
17,17,1694218620000,0.5433,0.5434,0.5432,0.5433,4966
18,18,1694218680000,0.5433,0.5436,0.5433,0.5435,1497
19,19,1694218740000,0.5436,0.5438,0.5433,0.5433,15083
20,20,1694218800000,0.5434,0.5437,0.5434,0.5437,14032
21,21,1694218860000,0.5436,0.5436,0.5435,0.5435,3359
22,22,1694218920000,0.5436,0.5436,0.5434,0.5436,4294
23,23,1694218980000,0.5436,0.5436,0.5432,0.5436,9434
24,24,1694219040000,0.5436,0.5436,0.5434,0.5434,10963
25,25,1694219100000,0.5435,0.5438,0.5435,0.5436,9193
26,26,1694219160000,0.5436,0.5436,0.5433,0.5433,5367
27,27,1694219220000,0.5434,0.5434,0.5432,0.5432,6862
28,28,1694219280000,0.5432,0.5432,0.5431,0.5432,1061
29,29,1694219340000,0.5432,0.5432,0.5431,0.5432,425
30,30,1694219400000,0.5432,0.5432,0.5431,0.5431,5232
31,31,1694219460000,0.5431,0.5433,0.5431,0.5432,5405
32,32,1694219520000,0.5433,0.5439,0.5432,0.5436,41493
33,33,1694219580000,0.5436,0.5437,0.5436,0.5437,4668
34,34,1694219640000,0.5438,0.5438,0.5436,0.5436,4694
35,35,1694219700000,0.5437,0.5441,0.5435,0.5441,69926
36,36,1694219760000,0.5441,0.5441,0.5437,0.5438,15390
37,37,1694219820000,0.5439,0.5439,0.5435,0.5436,8743
38,38,1694219880000,0.5436,0.5438,0.5433,0.5436,25159
39,39,1694219940000,0.5437,0.5439,0.5436,0.5438,11565
40,40,1694220000000,0.5439,0.5456,0.5438,0.5455,157615
41,41,1694220060000,0.5456,0.5457,0.5444,0.5445,67290
42,42,1694220120000,0.5445,0.5445,0.5441,0.5441,26135
43,43,1694220180000,0.5442,0.5443,0.5441,0.5441,3773
44,44,1694220240000,0.5442,0.5442,0.5435,0.5435,13790
45,45,1694220300000,0.5436,0.544,0.5436,0.5439,20631
46,46,1694220360000,0.544,0.5442,0.5439,0.544,25747
47,47,1694220420000,0.544,0.544,0.5439,0.544,3732
48,48,1694220480000,0.5441,0.5441,0.544,0.544,679
49,49,1694220540000,0.5441,0.5441,0.5437,0.5437,16676
50,50,1694220600000,0.5438,0.544,0.5434,0.5434,28823
51,51,1694220660000,0.5435,0.5435,0.5434,0.5435,5127
52,52,1694220720000,0.5436,0.5436,0.5429,0.5431,42741
53,53,1694220780000,0.5431,0.5435,0.543,0.5434,8919
54,54,1694220840000,0.5435,0.5436,0.5434,0.5434,9685
55,55,1694220900000,0.5434,0.5434,0.5425,0.5428,53844
56,56,1694220960000,0.5428,0.5428,0.5427,0.5427,697
57,57,1694221020000,0.5428,0.5428,0.5426,0.5426,2667
58,58,1694221080000,0.5427,0.5427,0.5426,0.5426,6230
59,59,1694221140000,0.5426,0.543,0.5426,0.543,22225
60,60,1694221200000,0.5429,0.5434,0.5427,0.5427,29505
61,61,1694221260000,0.5428,0.5435,0.5428,0.5434,20655
62,62,1694221320000,0.5434,0.5435,0.5434,0.5435,6915
63,63,1694221380000,0.5435,0.5442,0.5435,0.5442,12333
64,64,1694221440000,0.5442,0.5445,0.5441,0.5445,9895
65,65,1694221500000,0.5445,0.5451,0.5445,0.545,27624
66,66,1694221560000,0.545,0.5454,0.545,0.5454,7629
67,67,1694221620000,0.5454,0.5456,0.5454,0.5456,2460
68,68,1694221680000,0.5456,0.5457,0.5455,0.5455,5688
69,69,1694221740000,0.5456,0.5474,0.5456,0.5473,94803
70,70,1694221800000,0.5474,0.5478,0.5471,0.5471,52089
71,71,1694221860000,0.5472,0.5473,0.5471,0.5471,14781
72,72,1694221920000,0.5471,0.5472,0.547,0.5472,4782
73,73,1694221980000,0.5471,0.5471,0.5469,0.547,21493
74,74,1694222040000,0.5471,0.5471,0.5464,0.5467,31441
75,75,1694222100000,0.5466,0.5467,0.5454,0.5459,69525
76,76,1694222160000,0.5459,0.5461,0.5458,0.5459,13055
77,77,1694222220000,0.5458,0.5463,0.5458,0.5461,6965
78,78,1694222280000,0.5461,0.5468,0.5461,0.5467,14933
79,79,1694222340000,0.5467,0.547,0.5462,0.547,21315
80,80,1694222400000,0.547,0.5473,0.5465,0.5465,9708
81,81,1694222460000,0.5464,0.5464,0.5457,0.5458,9668
82,82,1694222520000,0.5458,0.5458,0.5451,0.5453,13647
83,83,1694222580000,0.5454,0.5456,0.5454,0.5455,6031
84,84,1694222640000,0.5456,0.5457,0.5454,0.5454,5335
85,85,1694222700000,0.5454,0.5459,0.5447,0.5449,46536
86,86,1694222760000,0.5449,0.5456,0.5449,0.5455,17563
87,87,1694222820000,0.5454,0.5454,0.5452,0.5453,6341
88,88,1694222880000,0.5453,0.5456,0.5451,0.5456,6107
89,89,1694222940000,0.5455,0.5456,0.5455,0.5455,3485
90,90,1694223000000,0.5455,0.5457,0.5455,0.5457,8298
91,91,1694223060000,0.5457,0.5457,0.5455,0.5455,6946
92,92,1694223120000,0.5455,0.5458,0.5454,0.5454,18670
93,93,1694223180000,0.5454,0.5459,0.5454,0.5459,8123
94,94,1694223240000,0.546,0.5469,0.546,0.5467,14933
95,95,1694223300000,0.5468,0.5472,0.5468,0.5472,31314
96,96,1694223360000,0.5473,0.5478,0.5473,0.5474,26347
97,97,1694223420000,0.5474,0.5475,0.5469,0.5473,41652
98,98,1694223480000,0.5472,0.5474,0.5472,0.5472,7435
99,99,1694223540000,0.5472,0.5473,0.5472,0.5472,1940
100,100,1694223600000,0.5472,0.5473,0.5468,0.5468,10658
101,101,1694223660000,0.5468,0.5474,0.5468,0.5472,13301
102,102,1694223720000,0.5471,0.5473,0.5471,0.5471,9018
103,103,1694223780000,0.5472,0.5473,0.5471,0.5472,5134
104,104,1694223840000,0.5472,0.5476,0.5472,0.5473,16649
105,105,1694223900000,0.5475,0.5476,0.5474,0.5474,8490
106,106,1694223960000,0.5474,0.5476,0.5474,0.5475,14269
107,107,1694224020000,0.5475,0.5476,0.5474,0.5474,6624
108,108,1694224080000,0.5475,0.5476,0.5474,0.5475,3902
109,109,1694224140000,0.5475,0.5476,0.5473,0.5473,8146
110,110,1694224200000,0.5474,0.5475,0.5474,0.5474,7423
111,111,1694224260000,0.5474,0.5478,0.5474,0.5478,16100
112,112,1694224320000,0.5479,0.55,0.5479,0.5494,158308
113,113,1694224380000,0.5495,0.5497,0.5493,0.5493,12151
114,114,1694224440000,0.5494,0.55,0.549,0.5493,71572
115,115,1694224500000,0.5493,0.5494,0.5492,0.5492,8807
116,116,1694224560000,0.5493,0.5493,0.5482,0.5486,60009
117,117,1694224620000,0.5485,0.5489,0.5485,0.5488,12768
118,118,1694224680000,0.5488,0.5489,0.5487,0.5489,4593
119,119,1694224740000,0.5488,0.5489,0.5488,0.5488,2093
120,120,1694224800000,0.5488,0.5492,0.5488,0.5489,21151
121,121,1694224860000,0.549,0.5496,0.549,0.5495,14458
122,122,1694224920000,0.5495,0.5495,0.5491,0.5495,13706
123,123,1694224980000,0.5496,0.5497,0.5496,0.5496,2027
124,124,1694225040000,0.5497,0.5498,0.5496,0.5496,12197
125,125,1694225100000,0.5497,0.5497,0.5491,0.5492,24827
126,126,1694225160000,0.5492,0.5492,0.549,0.549,16600
127,127,1694225220000,0.549,0.5493,0.549,0.5493,43968
128,128,1694225280000,0.5493,0.5496,0.5493,0.5496,19851
129,129,1694225340000,0.5496,0.5496,0.5492,0.5496,19063
130,130,1694225400000,0.5495,0.5497,0.5493,0.5495,17430
131,131,1694225460000,0.5494,0.5494,0.5491,0.5493,4403
132,132,1694225520000,0.5492,0.5492,0.549,0.5492,11629
133,133,1694225580000,0.5492,0.5497,0.5492,0.5497,16677
134,134,1694225640000,0.5496,0.5497,0.5494,0.5495,2712
135,135,1694225700000,0.5495,0.5495,0.5492,0.5494,20251
136,136,1694225760000,0.5494,0.5494,0.5483,0.5483,36119
137,137,1694225820000,0.5483,0.5484,0.5483,0.5484,10298
138,138,1694225880000,0.5484,0.5486,0.5483,0.5485,5845
139,139,1694225940000,0.5485,0.5486,0.5483,0.5483,3014
140,140,1694226000000,0.5483,0.5483,0.5474,0.5474,30455
141,141,1694226060000,0.5474,0.5476,0.5474,0.5476,17964
142,142,1694226120000,0.5477,0.5481,0.5475,0.5479,30155
143,143,1694226180000,0.5479,0.5479,0.5476,0.5478,5093
144,144,1694226240000,0.5477,0.548,0.5474,0.5474,33323
145,145,1694226300000,0.5474,0.5482,0.5474,0.5478,77975
146,146,1694226360000,0.5479,0.5479,0.5473,0.5473,8479
147,147,1694226420000,0.5473,0.5473,0.5469,0.5469,15285
148,148,1694226480000,0.5468,0.5469,0.5467,0.5469,10316
149,149,1694226540000,0.5468,0.5468,0.5467,0.5468,9921
150,150,1694226600000,0.5467,0.5467,0.546,0.5465,55277
151,151,1694226660000,0.5465,0.5465,0.5465,0.5465,6366
152,152,1694226720000,0.5466,0.5466,0.5466,0.5466,2840
153,153,1694226780000,0.5466,0.5473,0.5466,0.5473,25260
154,154,1694226840000,0.5473,0.5475,0.5472,0.5475,4948
155,155,1694226900000,0.5475,0.5479,0.5475,0.5479,13713
156,156,1694226960000,0.5479,0.5479,0.5478,0.5478,145
157,157,1694227020000,0.5479,0.5485,0.5479,0.5485,27324
158,158,1694227080000,0.5486,0.5492,0.5486,0.5491,20320
159,159,1694227140000,0.5491,0.5494,0.549,0.5492,11366
160,160,1694227200000,0.5493,0.5494,0.5493,0.5493,9775
161,161,1694227260000,0.5493,0.5493,0.549,0.549,7506
162,162,1694227320000,0.5489,0.5489,0.5485,0.5486,26355
163,163,1694227380000,0.5486,0.5491,0.5483,0.5489,30427
164,164,1694227440000,0.5489,0.5493,0.5487,0.5493,6149
165,165,1694227500000,0.5494,0.5495,0.549,0.549,29244
166,166,1694227560000,0.549,0.5492,0.549,0.5492,11007
167,167,1694227620000,0.5492,0.5492,0.549,0.5492,12964
168,168,1694227680000,0.5494,0.5494,0.5491,0.5492,9087
169,169,1694227740000,0.5492,0.5492,0.5487,0.5487,8621
170,170,1694227800000,0.5486,0.5491,0.5486,0.5488,17896
171,171,1694227860000,0.5488,0.5489,0.5488,0.5489,927
172,172,1694227920000,0.5488,0.5488,0.5482,0.5482,9837
173,173,1694227980000,0.5482,0.5483,0.5482,0.5483,1194
174,174,1694228040000,0.5483,0.5488,0.5483,0.5486,17504
175,175,1694228100000,0.5486,0.5487,0.5481,0.5481,13371
176,176,1694228160000,0.5482,0.5482,0.5477,0.5481,20204
177,177,1694228220000,0.5482,0.5482,0.5481,0.5481,699
178,178,1694228280000,0.548,0.5486,0.548,0.5486,23364
179,179,1694228340000,0.5485,0.549,0.5485,0.549,9762
180,180,1694228400000,0.5489,0.5489,0.5481,0.5481,27696
181,181,1694228460000,0.5481,0.5485,0.548,0.5485,20062
182,182,1694228520000,0.5486,0.5486,0.5484,0.5484,330
183,183,1694228580000,0.5484,0.5485,0.5484,0.5485,502
184,184,1694228640000,0.5484,0.5484,0.5484,0.5484,12159
185,185,1694228700000,0.5484,0.5484,0.5479,0.5479,8317
186,186,1694228760000,0.5479,0.5485,0.5479,0.5485,35674
187,187,1694228820000,0.5484,0.5484,0.5477,0.5477,32402
188,188,1694228880000,0.5476,0.5477,0.5474,0.5476,51638
189,189,1694228940000,0.5475,0.5475,0.5469,0.5469,8734
190,190,1694229000000,0.547,0.5471,0.5463,0.5463,33880
191,191,1694229060000,0.5463,0.5463,0.5463,0.5463,553
192,192,1694229120000,0.5464,0.547,0.5464,0.5467,19296
193,193,1694229180000,0.5466,0.5466,0.5461,0.5465,37946
194,194,1694229240000,0.5465,0.5465,0.5458,0.546,31618
195,195,1694229300000,0.5461,0.5461,0.5456,0.5457,12386
196,196,1694229360000,0.5456,0.5456,0.5452,0.5456,28804
197,197,1694229420000,0.5457,0.5459,0.5455,0.5456,7304
198,198,1694229480000,0.5456,0.5458,0.5456,0.5457,6212
199,199,1694229540000,0.5458,0.546,0.5456,0.5456,15122
200,200,1694229600000,0.5456,0.5458,0.5456,0.5458,9952
201,201,1694229660000,0.5458,0.5463,0.5458,0.5463,13845
202,202,1694229720000,0.5463,0.5471,0.5462,0.5465,30695
203,203,1694229780000,0.5465,0.5466,0.5465,0.5466,2530
204,204,1694229840000,0.5467,0.5471,0.5467,0.5467,16611
205,205,1694229900000,0.5467,0.5467,0.5467,0.5467,1011
206,206,1694229960000,0.5466,0.5468,0.5463,0.5468,17917
207,207,1694230020000,0.5468,0.5471,0.5466,0.5467,10781
208,208,1694230080000,0.5469,0.547,0.5466,0.5467,14063
209,209,1694230140000,0.5467,0.5467,0.5466,0.5466,3824
210,210,1694230200000,0.5466,0.5467,0.5466,0.5466,5129
211,211,1694230260000,0.5466,0.5466,0.5464,0.5464,3907
212,212,1694230320000,0.5463,0.5464,0.5463,0.5464,921
213,213,1694230380000,0.5464,0.5467,0.5464,0.5467,6990
214,214,1694230440000,0.5467,0.5471,0.5467,0.5469,23973
215,215,1694230500000,0.547,0.5471,0.5464,0.5464,18777
216,216,1694230560000,0.5463,0.547,0.5463,0.5468,20995
217,217,1694230620000,0.5469,0.5471,0.5469,0.5471,5093
218,218,1694230680000,0.547,0.547,0.5469,0.547,2109
219,219,1694230740000,0.5469,0.5469,0.5467,0.5467,3817
220,220,1694230800000,0.5467,0.5467,0.5466,0.5466,5975
221,221,1694230860000,0.5465,0.5472,0.5465,0.5469,11055
222,222,1694230920000,0.547,0.547,0.5466,0.5466,11105
223,223,1694230980000,0.5467,0.5468,0.5464,0.5464,10012
224,224,1694231040000,0.5466,0.5469,0.5466,0.5466,4510
225,225,1694231100000,0.5466,0.5467,0.5465,0.5466,2218
226,226,1694231160000,0.5466,0.5466,0.5462,0.5462,9097
227,227,1694231220000,0.5462,0.5463,0.5461,0.5462,14434
228,228,1694231280000,0.5461,0.5462,0.5459,0.5459,9208
229,229,1694231340000,0.5459,0.5462,0.5459,0.5462,8500
230,230,1694231400000,0.5462,0.5466,0.546,0.5466,10329
231,231,1694231460000,0.5466,0.5468,0.5464,0.5464,10998
232,232,1694231520000,0.5464,0.5468,0.5464,0.5467,10509
233,233,1694231580000,0.5467,0.5467,0.5466,0.5467,4320
234,234,1694231640000,0.5467,0.5468,0.5467,0.5468,32
235,235,1694231700000,0.5467,0.5471,0.5467,0.5467,12599
236,236,1694231760000,0.5466,0.5466,0.5464,0.5465,11581
237,237,1694231820000,0.5466,0.5472,0.5466,0.5467,26218
238,238,1694231880000,0.5468,0.5468,0.5467,0.5468,3160
239,239,1694231940000,0.5468,0.5468,0.5463,0.5465,13590
240,240,1694232000000,0.5466,0.5468,0.5455,0.5458,78534
241,241,1694232060000,0.5459,0.546,0.5454,0.5458,30691
242,242,1694232120000,0.5458,0.5458,0.5454,0.5454,21301
243,243,1694232180000,0.5453,0.546,0.5453,0.5456,33158
244,244,1694232240000,0.5457,0.5462,0.5457,0.5459,12996
245,245,1694232300000,0.5459,0.5462,0.5459,0.5461,9606
246,246,1694232360000,0.5462,0.5464,0.5462,0.5464,3640
247,247,1694232420000,0.5463,0.5464,0.546,0.546,8391
248,248,1694232480000,0.5459,0.5461,0.5456,0.5457,11511
249,249,1694232540000,0.5456,0.5456,0.5454,0.5454,6083
250,250,1694232600000,0.5455,0.5458,0.5455,0.5455,7751
251,251,1694232660000,0.5456,0.5459,0.5456,0.5459,6315
252,252,1694232720000,0.5459,0.5459,0.5457,0.5457,4813
253,253,1694232780000,0.5457,0.5457,0.5456,0.5457,3571
254,254,1694232840000,0.5455,0.5457,0.5453,0.5457,19372
255,255,1694232900000,0.5457,0.546,0.5456,0.5459,19600
256,256,1694232960000,0.546,0.5461,0.5455,0.5458,16987
257,257,1694233020000,0.5458,0.5458,0.5457,0.5457,1364
258,258,1694233080000,0.5456,0.546,0.5456,0.546,3087
259,259,1694233140000,0.546,0.5463,0.5459,0.5462,14555
260,260,1694233200000,0.5461,0.5462,0.5454,0.5455,14016
261,261,1694233260000,0.5455,0.5458,0.5455,0.5457,12614
262,262,1694233320000,0.5458,0.5458,0.5456,0.5456,1927
263,263,1694233380000,0.5456,0.5457,0.5454,0.5457,5630
264,264,1694233440000,0.5457,0.5462,0.5457,0.546,6425
265,265,1694233500000,0.5461,0.5462,0.5457,0.5462,14358
266,266,1694233560000,0.5462,0.5463,0.546,0.5463,6619
267,267,1694233620000,0.5464,0.5468,0.5464,0.5468,47145
268,268,1694233680000,0.5468,0.5468,0.5468,0.5468,94
269,269,1694233740000,0.5468,0.5469,0.5467,0.5468,2514
270,270,1694233800000,0.5468,0.5473,0.5468,0.5468,17399
271,271,1694233860000,0.5469,0.5473,0.5469,0.5472,5575
272,272,1694233920000,0.5472,0.5475,0.5472,0.5475,19439
273,273,1694233980000,0.5474,0.5474,0.5471,0.5471,6898
274,274,1694234040000,0.5472,0.5474,0.5472,0.5474,2325
275,275,1694234100000,0.5475,0.5478,0.5466,0.5466,49477
276,276,1694234160000,0.5467,0.547,0.5467,0.5468,11831
277,277,1694234220000,0.5468,0.5468,0.5467,0.5467,280
278,278,1694234280000,0.5467,0.5471,0.5467,0.5469,14156
279,279,1694234340000,0.5468,0.5468,0.5462,0.5463,23829
280,280,1694234400000,0.5462,0.5466,0.5462,0.5463,11627
281,281,1694234460000,0.5463,0.5465,0.5462,0.5465,8757
282,282,1694234520000,0.5465,0.5469,0.5465,0.5469,20972
283,283,1694234580000,0.5469,0.5469,0.5467,0.5469,7867
284,284,1694234640000,0.5469,0.5469,0.5469,0.5469,725
285,285,1694234700000,0.5469,0.547,0.5468,0.5469,8723
286,286,1694234760000,0.5469,0.547,0.5468,0.547,3386
287,287,1694234820000,0.547,0.547,0.5465,0.5465,10802
288,288,1694234880000,0.5465,0.5466,0.5465,0.5466,1463
289,289,1694234940000,0.5468,0.547,0.5468,0.547,6934
290,290,1694235000000,0.5469,0.547,0.5468,0.5468,4189
291,291,1694235060000,0.5469,0.5471,0.5467,0.5468,17382
292,292,1694235120000,0.5469,0.547,0.5465,0.5465,4561
293,293,1694235180000,0.5465,0.5465,0.5462,0.5463,32442
294,294,1694235240000,0.5465,0.5467,0.5464,0.5466,6586
295,295,1694235300000,0.5466,0.5467,0.5466,0.5467,15086
296,296,1694235360000,0.5468,0.5468,0.5461,0.5462,23733
297,297,1694235420000,0.5462,0.5467,0.546,0.5462,21036
298,298,1694235480000,0.5462,0.5462,0.5461,0.5461,174
299,299,1694235540000,0.5461,0.5462,0.5461,0.5462,608
300,300,1694235600000,0.5461,0.5465,0.5461,0.5461,13800
301,301,1694235660000,0.5462,0.5463,0.5461,0.5461,9756
302,302,1694235720000,0.5461,0.5463,0.5458,0.5458,18103
303,303,1694235780000,0.5461,0.5462,0.5458,0.5459,7958
304,304,1694235840000,0.5459,0.5459,0.5453,0.5453,32822
305,305,1694235900000,0.5452,0.5453,0.5442,0.5451,50053
306,306,1694235960000,0.545,0.545,0.5445,0.5445,29781
307,307,1694236020000,0.5445,0.5447,0.5445,0.5446,8413
308,308,1694236080000,0.5447,0.545,0.5447,0.5448,9690
309,309,1694236140000,0.5449,0.5449,0.5446,0.5446,1184
310,310,1694236200000,0.5445,0.5448,0.5445,0.5446,4236
311,311,1694236260000,0.5446,0.5447,0.5445,0.5446,14649
312,312,1694236320000,0.5446,0.5447,0.5445,0.5445,4053
313,313,1694236380000,0.5446,0.5452,0.5446,0.5451,20129
314,314,1694236440000,0.5451,0.5452,0.545,0.545,1619
315,315,1694236500000,0.5451,0.5456,0.5449,0.5455,15163
316,316,1694236560000,0.5456,0.5456,0.5453,0.5456,9607
317,317,1694236620000,0.5456,0.5458,0.5455,0.5455,9163
318,318,1694236680000,0.5456,0.5457,0.5452,0.5453,15129
319,319,1694236740000,0.5454,0.5458,0.5454,0.5457,13317
320,320,1694236800000,0.5457,0.5458,0.5453,0.5455,14839
321,321,1694236860000,0.5455,0.5456,0.5454,0.5455,4364
322,322,1694236920000,0.5456,0.5456,0.5455,0.5456,1776
323,323,1694236980000,0.5456,0.5456,0.5455,0.5456,625
324,324,1694237040000,0.5455,0.5456,0.5455,0.5456,8946
325,325,1694237100000,0.5456,0.5456,0.5455,0.5455,514
326,326,1694237160000,0.5456,0.5456,0.5455,0.5455,1398
327,327,1694237220000,0.5455,0.5456,0.5455,0.5455,533
328,328,1694237280000,0.5454,0.5454,0.5452,0.5452,3160
329,329,1694237340000,0.5451,0.5451,0.5449,0.545,4426
330,330,1694237400000,0.545,0.5452,0.545,0.5452,8989
331,331,1694237460000,0.5452,0.5452,0.5449,0.545,6373
332,332,1694237520000,0.545,0.5453,0.5449,0.5453,16060
333,333,1694237580000,0.5453,0.5457,0.5453,0.5457,5829
334,334,1694237640000,0.5456,0.5458,0.5456,0.5458,1743
335,335,1694237700000,0.5457,0.5458,0.5456,0.5456,4303
336,336,1694237760000,0.5456,0.5456,0.5452,0.5455,22675
337,337,1694237820000,0.5455,0.5456,0.5454,0.5456,3822
338,338,1694237880000,0.5455,0.5455,0.5453,0.5453,1112
339,339,1694237940000,0.5453,0.5453,0.5452,0.5453,2894
340,340,1694238000000,0.5452,0.5452,0.5451,0.5451,879
341,341,1694238060000,0.545,0.545,0.5435,0.544,75979
342,342,1694238120000,0.544,0.545,0.544,0.5448,68917
343,343,1694238180000,0.5447,0.5449,0.5447,0.5448,3925
344,344,1694238240000,0.5448,0.5452,0.5446,0.5446,20975
345,345,1694238300000,0.5447,0.545,0.5446,0.5449,12185
346,346,1694238360000,0.5449,0.545,0.5448,0.5448,12519
347,347,1694238420000,0.5449,0.5449,0.5448,0.5448,8324
348,348,1694238480000,0.5448,0.5448,0.5444,0.5444,22829
349,349,1694238540000,0.5444,0.5446,0.5443,0.5445,15568
350,350,1694238600000,0.5446,0.5452,0.5446,0.5452,31143
351,351,1694238660000,0.5452,0.5452,0.5439,0.5439,28014
352,352,1694238720000,0.544,0.5443,0.5439,0.5439,30953
353,353,1694238780000,0.544,0.544,0.5432,0.5433,15097
354,354,1694238840000,0.5432,0.5436,0.5422,0.5422,130503
355,355,1694238900000,0.5422,0.543,0.5422,0.543,26601
356,356,1694238960000,0.5429,0.5429,0.5427,0.5427,5441
357,357,1694239020000,0.5429,0.5432,0.5429,0.5431,6866
358,358,1694239080000,0.543,0.5433,0.543,0.5433,5638
359,359,1694239140000,0.5433,0.544,0.5433,0.5439,21199
360,360,1694239200000,0.5438,0.5443,0.5437,0.544,29747
361,361,1694239260000,0.544,0.5441,0.5436,0.5441,11713
362,362,1694239320000,0.5441,0.5441,0.5435,0.5437,8190
363,363,1694239380000,0.5437,0.544,0.5437,0.5438,12570
364,364,1694239440000,0.5437,0.5437,0.5432,0.5432,5242
365,365,1694239500000,0.5432,0.5437,0.5429,0.5429,14036
366,366,1694239560000,0.5429,0.5433,0.5429,0.5433,10237
367,367,1694239620000,0.5433,0.5445,0.5433,0.5443,10910
368,368,1694239680000,0.5444,0.5448,0.5444,0.5445,19818
369,369,1694239740000,0.5444,0.5444,0.5439,0.5439,8065
370,370,1694239800000,0.544,0.5442,0.5439,0.5441,13229
371,371,1694239860000,0.5441,0.5443,0.5441,0.5442,1817
372,372,1694239920000,0.5441,0.5441,0.5439,0.5439,8810
373,373,1694239980000,0.5439,0.5447,0.5439,0.5443,23962
374,374,1694240040000,0.5443,0.5446,0.5443,0.5446,1876
375,375,1694240100000,0.5446,0.5451,0.5443,0.5443,42156
376,376,1694240160000,0.5445,0.5448,0.5445,0.5448,3311
377,377,1694240220000,0.5447,0.5447,0.5442,0.5442,16696
378,378,1694240280000,0.5442,0.5442,0.5439,0.544,8734
379,379,1694240340000,0.544,0.544,0.5439,0.5439,640
380,380,1694240400000,0.544,0.5445,0.544,0.5445,16713
381,381,1694240460000,0.5444,0.5444,0.5443,0.5443,7260
382,382,1694240520000,0.5442,0.5445,0.5442,0.5445,5745
383,383,1694240580000,0.5445,0.5448,0.5445,0.5447,8954
384,384,1694240640000,0.5447,0.5447,0.5444,0.5444,7535
385,385,1694240700000,0.5443,0.5443,0.5438,0.5438,9588
386,386,1694240760000,0.5439,0.5441,0.5439,0.5441,9705
387,387,1694240820000,0.544,0.5441,0.5438,0.5439,10960
388,388,1694240880000,0.5438,0.5438,0.5433,0.5433,23146
389,389,1694240940000,0.5433,0.5437,0.5433,0.5436,8287
390,390,1694241000000,0.5436,0.5438,0.5436,0.5437,836
391,391,1694241060000,0.5437,0.5442,0.5437,0.544,11612
392,392,1694241120000,0.5439,0.544,0.5436,0.5438,2873
393,393,1694241180000,0.5438,0.5439,0.5437,0.5437,5691
394,394,1694241240000,0.5438,0.5442,0.5438,0.5441,9551
395,395,1694241300000,0.5441,0.5441,0.5439,0.544,6932
396,396,1694241360000,0.544,0.544,0.544,0.544,691
397,397,1694241420000,0.544,0.544,0.544,0.544,513
398,398,1694241480000,0.544,0.544,0.5436,0.5437,12276
399,399,1694241540000,0.5437,0.5443,0.5437,0.5442,25246
400,400,1694241600000,0.544,0.5441,0.5438,0.5439,3824
401,401,1694241660000,0.5439,0.5439,0.5439,0.5439,42
402,402,1694241720000,0.5439,0.5439,0.5437,0.5437,4228
403,403,1694241780000,0.5437,0.5437,0.5431,0.5437,31168
404,404,1694241840000,0.5438,0.5439,0.5438,0.5438,3456
405,405,1694241900000,0.5439,0.5439,0.5438,0.5438,1113
406,406,1694241960000,0.5437,0.5443,0.5437,0.5443,19605
407,407,1694242020000,0.5444,0.5448,0.5443,0.5447,21384
408,408,1694242080000,0.5448,0.5448,0.5444,0.5447,8931
409,409,1694242140000,0.5447,0.5449,0.5447,0.5447,4841
410,410,1694242200000,0.5447,0.545,0.5447,0.545,4010
411,411,1694242260000,0.545,0.545,0.5447,0.5447,1687
412,412,1694242320000,0.5447,0.5448,0.5447,0.5448,190
413,413,1694242380000,0.5448,0.5454,0.5448,0.5453,12686
414,414,1694242440000,0.5452,0.5455,0.5452,0.5455,6384
415,415,1694242500000,0.5455,0.5456,0.5454,0.5454,3619
416,416,1694242560000,0.5454,0.5454,0.5454,0.5454,16
417,417,1694242620000,0.5454,0.5455,0.5454,0.5455,1813
418,418,1694242680000,0.5455,0.5455,0.5455,0.5455,0
419,419,1694242740000,0.5456,0.5465,0.5456,0.5464,76984
420,420,1694242800000,0.5464,0.5467,0.5464,0.5465,25414
421,421,1694242860000,0.5466,0.5466,0.546,0.546,8892
422,422,1694242920000,0.5461,0.5461,0.546,0.5461,3811
423,423,1694242980000,0.5461,0.5461,0.5459,0.5461,4106
424,424,1694243040000,0.5461,0.5461,0.5458,0.5459,1289
425,425,1694243100000,0.5459,0.5463,0.5459,0.5461,7358
426,426,1694243160000,0.546,0.5462,0.5459,0.5461,7203
427,427,1694243220000,0.5461,0.5461,0.5455,0.5455,13053
428,428,1694243280000,0.5456,0.5457,0.5456,0.5456,3679
429,429,1694243340000,0.5457,0.5457,0.5453,0.5454,7907
430,430,1694243400000,0.5454,0.5455,0.5454,0.5455,99
431,431,1694243460000,0.5454,0.5454,0.5454,0.5454,24
432,432,1694243520000,0.5454,0.5455,0.5452,0.5455,6504
433,433,1694243580000,0.5455,0.5458,0.5455,0.5458,13835
434,434,1694243640000,0.5459,0.5459,0.5459,0.5459,1433
435,435,1694243700000,0.5458,0.5458,0.5449,0.5455,76097
436,436,1694243760000,0.5455,0.5457,0.5455,0.5456,5649
437,437,1694243820000,0.5456,0.5456,0.5452,0.5453,9486
438,438,1694243880000,0.5453,0.5458,0.5453,0.5458,8401
439,439,1694243940000,0.5457,0.5461,0.5456,0.5459,20857
440,440,1694244000000,0.5458,0.5459,0.5456,0.5456,6949
441,441,1694244060000,0.5457,0.5458,0.5456,0.5458,886
442,442,1694244120000,0.5458,0.5459,0.5456,0.5459,4959
443,443,1694244180000,0.5459,0.546,0.5458,0.5458,707
444,444,1694244240000,0.5459,0.5459,0.5459,0.5459,183
445,445,1694244300000,0.5459,0.5466,0.5459,0.5466,6658
446,446,1694244360000,0.5466,0.5469,0.5465,0.5465,52916
447,447,1694244420000,0.5466,0.5467,0.5465,0.5466,3655
448,448,1694244480000,0.5466,0.5466,0.5464,0.5465,3363
449,449,1694244540000,0.5466,0.5466,0.5465,0.5465,2465
450,450,1694244600000,0.5465,0.5466,0.5462,0.5462,22347
451,451,1694244660000,0.5462,0.5462,0.5457,0.5458,16401
452,452,1694244720000,0.5458,0.5458,0.5456,0.5457,2487
453,453,1694244780000,0.5457,0.5457,0.5456,0.5456,4125
454,454,1694244840000,0.5457,0.5457,0.5457,0.5457,1798
455,455,1694244900000,0.5458,0.5462,0.5458,0.5461,11974
456,456,1694244960000,0.5462,0.5462,0.5459,0.5459,13521
457,457,1694245020000,0.5459,0.5461,0.5458,0.5459,8081
458,458,1694245080000,0.5459,0.546,0.5458,0.5458,1545
459,459,1694245140000,0.5458,0.5458,0.5456,0.5457,8183
460,460,1694245200000,0.5457,0.5458,0.5457,0.5457,134
461,461,1694245260000,0.5458,0.5461,0.5458,0.5459,9052
462,462,1694245320000,0.546,0.546,0.5459,0.546,3740
463,463,1694245380000,0.5459,0.5459,0.5459,0.5459,721
464,464,1694245440000,0.5459,0.5459,0.5459,0.5459,612
465,465,1694245500000,0.5459,0.5461,0.5459,0.5459,11769
466,466,1694245560000,0.5459,0.5459,0.5453,0.5453,9711
467,467,1694245620000,0.5453,0.5453,0.5453,0.5453,498
468,468,1694245680000,0.5453,0.5453,0.5452,0.5453,4532
469,469,1694245740000,0.5454,0.5459,0.5454,0.5456,25618
470,470,1694245800000,0.5456,0.5456,0.5455,0.5455,490
471,471,1694245860000,0.5455,0.5455,0.545,0.5451,11642
472,472,1694245920000,0.5451,0.5454,0.5451,0.5451,8645
473,473,1694245980000,0.5452,0.5453,0.5451,0.5451,6006
474,474,1694246040000,0.545,0.5451,0.545,0.5451,795
475,475,1694246100000,0.5451,0.5451,0.5448,0.5448,12382
476,476,1694246160000,0.5448,0.5449,0.5448,0.5449,4905
477,477,1694246220000,0.5448,0.5448,0.5448,0.5448,208
478,478,1694246280000,0.5449,0.5449,0.5449,0.5449,3240
479,479,1694246340000,0.5449,0.5449,0.5446,0.5446,2449
480,480,1694246400000,0.5447,0.5451,0.5447,0.5448,17270
481,481,1694246460000,0.5448,0.5448,0.5447,0.5447,3418
482,482,1694246520000,0.5448,0.5451,0.5448,0.545,6747
483,483,1694246580000,0.5451,0.546,0.545,0.5458,17325
484,484,1694246640000,0.5457,0.5461,0.5457,0.5461,1320
485,485,1694246700000,0.546,0.546,0.545,0.545,15069
486,486,1694246760000,0.5451,0.5455,0.5451,0.5455,8872
487,487,1694246820000,0.5455,0.5455,0.5454,0.5454,239
488,488,1694246880000,0.5452,0.5452,0.5452,0.5452,97
489,489,1694246940000,0.5453,0.5454,0.5453,0.5453,3860
490,490,1694247000000,0.5453,0.5453,0.5452,0.5453,3784
491,491,1694247060000,0.5453,0.5455,0.5453,0.5454,2349
492,492,1694247120000,0.5454,0.5456,0.5452,0.5453,7127
493,493,1694247180000,0.5453,0.5453,0.5453,0.5453,1029
494,494,1694247240000,0.5453,0.5455,0.5453,0.5455,5854
495,495,1694247300000,0.5456,0.546,0.5453,0.5456,9755
496,496,1694247360000,0.5456,0.5457,0.5456,0.5457,2943
497,497,1694247420000,0.5456,0.5456,0.5454,0.5456,3071
498,498,1694247480000,0.5455,0.5456,0.5452,0.5452,29172
499,499,1694247540000,0.5453,0.5453,0.5447,0.545,41833
500,500,1694247600000,0.545,0.5454,0.545,0.5453,6124
501,501,1694247660000,0.5452,0.5453,0.5452,0.5453,3126
502,502,1694247720000,0.5452,0.5452,0.545,0.5451,6995
503,503,1694247780000,0.5452,0.5452,0.545,0.5451,2206
504,504,1694247840000,0.5452,0.5458,0.5452,0.5458,11797
505,505,1694247900000,0.5457,0.5457,0.5452,0.5452,3697
506,506,1694247960000,0.5452,0.5452,0.5452,0.5452,983
507,507,1694248020000,0.5453,0.5453,0.545,0.5451,1224
508,508,1694248080000,0.545,0.545,0.5444,0.5445,19717
509,509,1694248140000,0.5444,0.5444,0.5442,0.5443,4549
510,510,1694248200000,0.5442,0.5444,0.5442,0.5444,6463
511,511,1694248260000,0.5444,0.5444,0.5441,0.5442,5191
512,512,1694248320000,0.5442,0.5442,0.5438,0.5438,14665
513,513,1694248380000,0.5438,0.5438,0.5434,0.5434,15812
514,514,1694248440000,0.5434,0.5434,0.543,0.543,21910
515,515,1694248500000,0.5431,0.5431,0.5426,0.5426,10852
516,516,1694248560000,0.5426,0.5428,0.5421,0.5428,75074
517,517,1694248620000,0.5427,0.5427,0.5424,0.5426,8383
518,518,1694248680000,0.5425,0.5428,0.5422,0.5425,27642
519,519,1694248740000,0.5424,0.5425,0.5424,0.5425,1309
520,520,1694248800000,0.5425,0.5429,0.5425,0.5428,20011
521,521,1694248860000,0.5427,0.5427,0.5427,0.5427,960
522,522,1694248920000,0.5427,0.5427,0.5424,0.5424,15453
523,523,1694248980000,0.5425,0.5426,0.5425,0.5425,6877
524,524,1694249040000,0.5425,0.5427,0.5425,0.5426,4839
525,525,1694249100000,0.5426,0.5426,0.5424,0.5424,3055
526,526,1694249160000,0.5424,0.5425,0.5422,0.5423,25336
527,527,1694249220000,0.5423,0.5427,0.5423,0.5426,11733
528,528,1694249280000,0.5425,0.5425,0.5421,0.5424,18836
529,529,1694249340000,0.5423,0.5423,0.5422,0.5423,2998
530,530,1694249400000,0.5423,0.5427,0.5423,0.5426,2623
531,531,1694249460000,0.5425,0.5425,0.5422,0.5422,5372
532,532,1694249520000,0.5423,0.5425,0.5421,0.5421,10142
533,533,1694249580000,0.542,0.5421,0.542,0.5421,4022
534,534,1694249640000,0.5422,0.5422,0.5421,0.5422,1170
535,535,1694249700000,0.5421,0.5421,0.5418,0.5419,10905
536,536,1694249760000,0.5419,0.542,0.5418,0.542,3830
537,537,1694249820000,0.542,0.542,0.5415,0.5419,34100
538,538,1694249880000,0.5419,0.5421,0.5419,0.542,23727
539,539,1694249940000,0.542,0.542,0.541,0.5411,87701
540,540,1694250000000,0.5411,0.5414,0.541,0.5414,12670
541,541,1694250060000,0.5413,0.5418,0.5413,0.5418,28982
542,542,1694250120000,0.5418,0.5419,0.5417,0.5418,9624
543,543,1694250180000,0.5417,0.5418,0.5412,0.5412,23988
544,544,1694250240000,0.5413,0.5415,0.541,0.541,19593
545,545,1694250300000,0.541,0.541,0.5405,0.541,28505
546,546,1694250360000,0.5411,0.5415,0.5409,0.5415,25956
547,547,1694250420000,0.5414,0.5414,0.5414,0.5414,727
548,548,1694250480000,0.5414,0.5414,0.5414,0.5414,925
549,549,1694250540000,0.5415,0.5421,0.5415,0.5419,16392
550,550,1694250600000,0.5419,0.542,0.5413,0.5413,42333
551,551,1694250660000,0.5414,0.5414,0.5414,0.5414,7327
552,552,1694250720000,0.5415,0.5426,0.5415,0.5423,68611
553,553,1694250780000,0.5423,0.5423,0.5421,0.5421,1065
554,554,1694250840000,0.5422,0.5427,0.5422,0.5427,7578
555,555,1694250900000,0.5427,0.5427,0.5422,0.5423,8414
556,556,1694250960000,0.5424,0.5424,0.5422,0.5423,7508
557,557,1694251020000,0.5423,0.5428,0.5423,0.5426,11259
558,558,1694251080000,0.5426,0.5426,0.5426,0.5426,0
559,559,1694251140000,0.5426,0.5426,0.5426,0.5426,1249
560,560,1694251200000,0.5427,0.5432,0.5427,0.5429,22075
561,561,1694251260000,0.5429,0.5429,0.5426,0.5426,8505
562,562,1694251320000,0.5426,0.5428,0.5426,0.5428,2451
563,563,1694251380000,0.5427,0.5427,0.5427,0.5427,612
564,564,1694251440000,0.5426,0.5431,0.5425,0.543,23966
565,565,1694251500000,0.5431,0.5434,0.5431,0.5434,5429
566,566,1694251560000,0.5434,0.5434,0.5433,0.5434,2662
567,567,1694251620000,0.5434,0.5441,0.5434,0.544,19432
568,568,1694251680000,0.5439,0.5442,0.5438,0.5441,18741
569,569,1694251740000,0.5441,0.5442,0.5441,0.5442,5893
570,570,1694251800000,0.5442,0.5443,0.5442,0.5443,344
571,571,1694251860000,0.5443,0.5444,0.5443,0.5444,4974
572,572,1694251920000,0.5444,0.5448,0.5444,0.5448,26807
573,573,1694251980000,0.5448,0.5448,0.5445,0.5445,12402
574,574,1694252040000,0.5445,0.5451,0.5445,0.545,12662
575,575,1694252100000,0.545,0.545,0.5448,0.5448,11568
576,576,1694252160000,0.5449,0.5459,0.5449,0.5458,45606
577,577,1694252220000,0.5458,0.5458,0.5453,0.5454,17115
578,578,1694252280000,0.5455,0.5456,0.5448,0.5448,20853
579,579,1694252340000,0.5448,0.5448,0.5447,0.5447,5692
580,580,1694252400000,0.5447,0.5447,0.5438,0.5438,44261
581,581,1694252460000,0.5439,0.5442,0.5438,0.5439,34317
582,582,1694252520000,0.5438,0.5442,0.5438,0.544,12269
583,583,1694252580000,0.5439,0.5441,0.5439,0.5439,4571
584,584,1694252640000,0.5439,0.5441,0.5439,0.5439,2447
585,585,1694252700000,0.5439,0.5439,0.5435,0.5435,14233
586,586,1694252760000,0.5435,0.5435,0.5435,0.5435,0
587,587,1694252820000,0.5435,0.5435,0.5434,0.5434,10284
588,588,1694252880000,0.5434,0.5438,0.5434,0.5438,13954
589,589,1694252940000,0.5437,0.5437,0.5437,0.5437,20
590,590,1694253000000,0.5438,0.5438,0.5437,0.5437,117
591,591,1694253060000,0.5437,0.5437,0.5437,0.5437,650
592,592,1694253120000,0.5437,0.5437,0.5434,0.5434,3436
593,593,1694253180000,0.5434,0.5434,0.5434,0.5434,121
594,594,1694253240000,0.5434,0.5436,0.5434,0.5436,6151
595,595,1694253300000,0.5436,0.5436,0.5415,0.5422,199246
596,596,1694253360000,0.5422,0.5422,0.542,0.5421,9979
597,597,1694253420000,0.5422,0.5422,0.5421,0.5421,3645
598,598,1694253480000,0.5422,0.5422,0.5421,0.5421,1707
599,599,1694253540000,0.5421,0.5426,0.542,0.5426,22915
600,600,1694253600000,0.5426,0.5427,0.5421,0.5422,24238
601,601,1694253660000,0.5423,0.5424,0.5423,0.5424,2982
602,602,1694253720000,0.5423,0.5423,0.542,0.5421,8978
603,603,1694253780000,0.542,0.542,0.5416,0.5417,21811
604,604,1694253840000,0.5418,0.542,0.5418,0.542,4958
605,605,1694253900000,0.542,0.542,0.5419,0.5419,249
606,606,1694253960000,0.5419,0.5421,0.5419,0.5421,5544
607,607,1694254020000,0.5421,0.5424,0.5421,0.5424,5356
608,608,1694254080000,0.5425,0.5425,0.542,0.5421,19861
609,609,1694254140000,0.5421,0.5421,0.5421,0.5421,919
610,610,1694254200000,0.5421,0.5424,0.5421,0.5424,3204
611,611,1694254260000,0.5423,0.5423,0.5419,0.542,7024
612,612,1694254320000,0.5421,0.5421,0.5421,0.5421,414
613,613,1694254380000,0.5421,0.5421,0.5411,0.5411,22732
614,614,1694254440000,0.541,0.541,0.541,0.541,736
615,615,1694254500000,0.5409,0.541,0.5408,0.5408,11800
616,616,1694254560000,0.5408,0.5408,0.5401,0.5401,21178
617,617,1694254620000,0.5401,0.5407,0.5401,0.5407,9511
618,618,1694254680000,0.5408,0.541,0.5408,0.5409,13096
619,619,1694254740000,0.541,0.5411,0.5409,0.5409,6191
620,620,1694254800000,0.5408,0.541,0.5408,0.541,7555
621,621,1694254860000,0.541,0.5411,0.541,0.541,1101
622,622,1694254920000,0.5411,0.5416,0.5411,0.5413,15555
623,623,1694254980000,0.5412,0.5413,0.5412,0.5413,4584
624,624,1694255040000,0.5413,0.5417,0.5413,0.5417,1175
625,625,1694255100000,0.5416,0.542,0.5416,0.5418,30213
626,626,1694255160000,0.5418,0.5418,0.5417,0.5418,10911
627,627,1694255220000,0.5418,0.5418,0.5418,0.5418,0
628,628,1694255280000,0.5418,0.5418,0.5418,0.5418,14
629,629,1694255340000,0.5418,0.5418,0.5417,0.5418,814
630,630,1694255400000,0.5417,0.5417,0.5416,0.5416,681
631,631,1694255460000,0.5416,0.5416,0.5416,0.5416,1162
632,632,1694255520000,0.5417,0.5417,0.5416,0.5416,490
633,633,1694255580000,0.5416,0.5416,0.5414,0.5414,13464
634,634,1694255640000,0.5415,0.5415,0.5414,0.5414,4369
635,635,1694255700000,0.5414,0.5415,0.5414,0.5414,4646
636,636,1694255760000,0.5414,0.5414,0.5414,0.5414,2634
637,637,1694255820000,0.5413,0.542,0.5411,0.5419,49179
638,638,1694255880000,0.5418,0.5419,0.5415,0.5416,10517
639,639,1694255940000,0.5417,0.5417,0.5416,0.5416,441
640,640,1694256000000,0.5416,0.5416,0.5416,0.5416,93
641,641,1694256060000,0.5416,0.5422,0.5416,0.5421,30557
642,642,1694256120000,0.542,0.542,0.5418,0.5418,3487
643,643,1694256180000,0.5418,0.5418,0.5418,0.5418,105
644,644,1694256240000,0.5418,0.5419,0.5418,0.5418,399
645,645,1694256300000,0.5418,0.5419,0.5418,0.5419,1198
646,646,1694256360000,0.5419,0.5419,0.5419,0.5419,639
647,647,1694256420000,0.5419,0.5419,0.5416,0.5416,6577
648,648,1694256480000,0.5416,0.5416,0.5414,0.5414,2924
649,649,1694256540000,0.5412,0.5412,0.5412,0.5412,187
650,650,1694256600000,0.5412,0.5412,0.5412,0.5412,109
651,651,1694256660000,0.5412,0.5412,0.5412,0.5412,1061
652,652,1694256720000,0.5412,0.5412,0.541,0.5411,5900
653,653,1694256780000,0.541,0.541,0.5409,0.5409,9463
654,654,1694256840000,0.541,0.541,0.541,0.541,98
655,655,1694256900000,0.541,0.541,0.5408,0.5408,1104
656,656,1694256960000,0.5408,0.5408,0.5407,0.5408,4582
657,657,1694257020000,0.5408,0.5408,0.5407,0.5407,1658
658,658,1694257080000,0.5405,0.5406,0.5405,0.5405,544
659,659,1694257140000,0.5406,0.5406,0.5403,0.5406,13214
660,660,1694257200000,0.5406,0.5406,0.5402,0.5402,9223
661,661,1694257260000,0.5402,0.5404,0.5402,0.5404,3468
662,662,1694257320000,0.5404,0.5404,0.5394,0.5396,80725
663,663,1694257380000,0.5395,0.5397,0.5395,0.5397,3822
664,664,1694257440000,0.5397,0.5398,0.5396,0.5398,3872
665,665,1694257500000,0.5398,0.5398,0.5397,0.5398,2697
666,666,1694257560000,0.5398,0.5398,0.5398,0.5398,1939
667,667,1694257620000,0.5399,0.5399,0.5397,0.5397,8208
668,668,1694257680000,0.5396,0.5396,0.5391,0.5393,40927
669,669,1694257740000,0.5394,0.5396,0.5391,0.5396,12483
670,670,1694257800000,0.5395,0.5398,0.5395,0.5397,3324
671,671,1694257860000,0.5397,0.5398,0.5395,0.5396,26719
672,672,1694257920000,0.5396,0.5396,0.5396,0.5396,0
673,673,1694257980000,0.5396,0.5396,0.5395,0.5395,1990
674,674,1694258040000,0.5395,0.5397,0.5395,0.5396,1723
675,675,1694258100000,0.5394,0.5396,0.5394,0.5395,1205
676,676,1694258160000,0.5396,0.5396,0.5396,0.5396,251
677,677,1694258220000,0.5395,0.5396,0.5395,0.5396,1473
678,678,1694258280000,0.5396,0.5396,0.5394,0.5394,5276
679,679,1694258340000,0.5394,0.5394,0.5393,0.5394,1929
680,680,1694258400000,0.5395,0.5395,0.5392,0.5393,1364
681,681,1694258460000,0.5393,0.5393,0.5392,0.5392,4187
682,682,1694258520000,0.5392,0.5398,0.5392,0.5397,6527
683,683,1694258580000,0.5397,0.5397,0.5395,0.5395,3749
684,684,1694258640000,0.5395,0.5395,0.5395,0.5395,39
685,685,1694258700000,0.5394,0.5395,0.5394,0.5395,76
686,686,1694258760000,0.5394,0.5394,0.5394,0.5394,70
687,687,1694258820000,0.5395,0.5395,0.5395,0.5395,49
688,688,1694258880000,0.5394,0.5394,0.5393,0.5393,4315
689,689,1694258940000,0.5393,0.5393,0.5393,0.5393,2591
690,690,1694259000000,0.5394,0.5395,0.5394,0.5395,2261
691,691,1694259060000,0.5395,0.5395,0.5395,0.5395,1928
692,692,1694259120000,0.5395,0.5396,0.5395,0.5396,166
693,693,1694259180000,0.5396,0.5398,0.5396,0.5398,6575
694,694,1694259240000,0.5398,0.5398,0.5397,0.5397,2522
695,695,1694259300000,0.5398,0.5398,0.5398,0.5398,27
696,696,1694259360000,0.5397,0.5397,0.5395,0.5395,1855
697,697,1694259420000,0.5395,0.5395,0.5395,0.5395,0
698,698,1694259480000,0.5395,0.5395,0.5395,0.5395,0
699,699,1694259540000,0.5395,0.5395,0.5395,0.5395,0
700,700,1694259600000,0.5395,0.5395,0.5394,0.5395,170
701,701,1694259660000,0.5395,0.5402,0.5395,0.5401,56956
702,702,1694259720000,0.54,0.54,0.54,0.54,4333
703,703,1694259780000,0.54,0.5404,0.54,0.5403,23286
704,704,1694259840000,0.5403,0.5404,0.5403,0.5404,481
705,705,1694259900000,0.5404,0.5404,0.5403,0.5403,480
706,706,1694259960000,0.5403,0.5403,0.5403,0.5403,821
707,707,1694260020000,0.5404,0.5405,0.5403,0.5405,3587
708,708,1694260080000,0.5404,0.5404,0.5403,0.5404,3130
709,709,1694260140000,0.5405,0.541,0.5405,0.541,26758
710,710,1694260200000,0.5409,0.5409,0.5408,0.5408,6027
711,711,1694260260000,0.5409,0.5409,0.5406,0.5406,6489
712,712,1694260320000,0.5406,0.5406,0.5404,0.5404,4815
713,713,1694260380000,0.5404,0.5404,0.5403,0.5404,1584
714,714,1694260440000,0.5404,0.5404,0.5404,0.5404,2535
715,715,1694260500000,0.5403,0.5403,0.5403,0.5403,270
716,716,1694260560000,0.5404,0.5409,0.5404,0.5404,13954
717,717,1694260620000,0.5404,0.5404,0.5404,0.5404,0
718,718,1694260680000,0.5404,0.5404,0.5403,0.5403,1777
719,719,1694260740000,0.5403,0.5403,0.5403,0.5403,10
720,720,1694260800000,0.5403,0.5407,0.5401,0.5401,19605
721,721,1694260860000,0.5401,0.5401,0.5395,0.5396,33430
722,722,1694260920000,0.5396,0.5396,0.5395,0.5395,299
723,723,1694260980000,0.5395,0.5395,0.5395,0.5395,0
724,724,1694261040000,0.5395,0.5395,0.5394,0.5394,3014
725,725,1694261100000,0.5395,0.5396,0.5394,0.5394,10504
726,726,1694261160000,0.5394,0.5395,0.5394,0.5395,3411
727,727,1694261220000,0.5396,0.5396,0.5394,0.5395,1769
728,728,1694261280000,0.5394,0.5394,0.5393,0.5393,5162
729,729,1694261340000,0.5393,0.5394,0.539,0.5393,12890
730,730,1694261400000,0.5392,0.5397,0.5392,0.5394,23034
731,731,1694261460000,0.5394,0.5398,0.5394,0.5394,14633
732,732,1694261520000,0.5394,0.5394,0.5392,0.5392,3609
733,733,1694261580000,0.5392,0.5393,0.5392,0.5393,4011
734,734,1694261640000,0.5393,0.5393,0.5392,0.5393,6370
735,735,1694261700000,0.5393,0.5393,0.5392,0.5393,3644
736,736,1694261760000,0.5394,0.5398,0.5394,0.5395,11596
737,737,1694261820000,0.5395,0.5397,0.5395,0.5396,8899
738,738,1694261880000,0.5396,0.5397,0.5396,0.5396,833
739,739,1694261940000,0.5396,0.5396,0.5392,0.5395,17099
740,740,1694262000000,0.5393,0.5394,0.539,0.5394,14849
741,741,1694262060000,0.5393,0.5393,0.5393,0.5393,1588
742,742,1694262120000,0.5393,0.5393,0.5392,0.5393,881
743,743,1694262180000,0.5394,0.5395,0.5394,0.5394,8194
744,744,1694262240000,0.5393,0.5393,0.5392,0.5393,2282
745,745,1694262300000,0.5393,0.5393,0.5393,0.5393,521
746,746,1694262360000,0.5393,0.5393,0.5393,0.5393,189
747,747,1694262420000,0.5393,0.5393,0.5393,0.5393,613
748,748,1694262480000,0.5392,0.5394,0.5392,0.5393,3763
749,749,1694262540000,0.5394,0.5394,0.5394,0.5394,117
750,750,1694262600000,0.5394,0.5394,0.5393,0.5393,1726
751,751,1694262660000,0.5393,0.5394,0.5393,0.5393,3604
752,752,1694262720000,0.5394,0.5395,0.5394,0.5395,1347
753,753,1694262780000,0.5394,0.5394,0.5392,0.5394,8579
754,754,1694262840000,0.5393,0.5393,0.539,0.539,6376
755,755,1694262900000,0.5389,0.5389,0.5385,0.5386,22294
756,756,1694262960000,0.5386,0.5386,0.5382,0.5382,11236
757,757,1694263020000,0.5381,0.5383,0.538,0.5382,4227
758,758,1694263080000,0.5382,0.5382,0.538,0.538,4276
759,759,1694263140000,0.538,0.538,0.5376,0.5377,2961
760,760,1694263200000,0.5377,0.5378,0.5377,0.5378,3853
761,761,1694263260000,0.5377,0.5379,0.5373,0.5378,23135
762,762,1694263320000,0.5379,0.5381,0.5379,0.5381,3144
763,763,1694263380000,0.5381,0.5381,0.5378,0.5378,3694
764,764,1694263440000,0.5379,0.5381,0.5379,0.5379,2866
765,765,1694263500000,0.5381,0.5381,0.538,0.538,705
766,766,1694263560000,0.5381,0.5381,0.5378,0.5378,4207
767,767,1694263620000,0.5377,0.5379,0.5377,0.5379,1773
768,768,1694263680000,0.5379,0.5379,0.5375,0.5375,2303
769,769,1694263740000,0.5375,0.5375,0.5367,0.5372,20238
770,770,1694263800000,0.537,0.537,0.5365,0.537,19486
771,771,1694263860000,0.5371,0.5374,0.5371,0.5374,12979
772,772,1694263920000,0.5374,0.5374,0.5366,0.5367,24858
773,773,1694263980000,0.5369,0.5369,0.5369,0.5369,494
774,774,1694264040000,0.5369,0.5369,0.5369,0.5369,12
775,775,1694264100000,0.5368,0.5374,0.5368,0.5373,6279
776,776,1694264160000,0.5373,0.5375,0.5373,0.5375,1138
777,777,1694264220000,0.5376,0.5376,0.5374,0.5375,6198
778,778,1694264280000,0.5375,0.5375,0.5375,0.5375,82
779,779,1694264340000,0.5374,0.5374,0.5363,0.5365,92055
780,780,1694264400000,0.5365,0.5366,0.5362,0.5364,8662
781,781,1694264460000,0.5365,0.5365,0.5358,0.536,24796
782,782,1694264520000,0.536,0.5363,0.536,0.5363,5745
783,783,1694264580000,0.5362,0.5364,0.5362,0.5363,1448
784,784,1694264640000,0.5363,0.5363,0.5361,0.5361,4443
785,785,1694264700000,0.536,0.5361,0.5355,0.5356,35514
786,786,1694264760000,0.5357,0.5359,0.5352,0.5358,36781
787,787,1694264820000,0.5358,0.536,0.5357,0.5359,4039
788,788,1694264880000,0.5358,0.5359,0.5358,0.5359,1488
789,789,1694264940000,0.5359,0.5361,0.5359,0.5361,2481
790,790,1694265000000,0.5361,0.5362,0.5359,0.5362,12807
791,791,1694265060000,0.5362,0.5371,0.536,0.537,26725
792,792,1694265120000,0.537,0.5375,0.5369,0.5371,21993
793,793,1694265180000,0.537,0.5372,0.537,0.5371,10362
794,794,1694265240000,0.5369,0.5369,0.5369,0.5369,7870
795,795,1694265300000,0.5368,0.5368,0.5365,0.5366,10588
796,796,1694265360000,0.5367,0.5369,0.5363,0.5365,38081
797,797,1694265420000,0.5366,0.5366,0.5365,0.5366,3554
798,798,1694265480000,0.5366,0.537,0.5365,0.5369,31728
799,799,1694265540000,0.5369,0.5369,0.5368,0.5368,6161
800,800,1694265600000,0.5368,0.5371,0.5368,0.5371,15653
801,801,1694265660000,0.5372,0.5372,0.5369,0.5369,4457
802,802,1694265720000,0.537,0.5373,0.537,0.5373,5757
803,803,1694265780000,0.5374,0.5374,0.5373,0.5373,4726
804,804,1694265840000,0.5372,0.5372,0.537,0.537,5219
805,805,1694265900000,0.5369,0.5369,0.5365,0.5366,11616
806,806,1694265960000,0.5367,0.5374,0.5367,0.5373,21080
807,807,1694266020000,0.5372,0.5372,0.537,0.537,7445
808,808,1694266080000,0.537,0.5374,0.537,0.5374,3536
809,809,1694266140000,0.5374,0.5374,0.5373,0.5373,3469
810,810,1694266200000,0.5374,0.5375,0.5372,0.5372,12821
811,811,1694266260000,0.5371,0.5371,0.5365,0.5365,29446
812,812,1694266320000,0.5365,0.5365,0.5361,0.5361,13671
813,813,1694266380000,0.5361,0.5365,0.5361,0.5365,9844
814,814,1694266440000,0.5364,0.537,0.5364,0.537,42316
815,815,1694266500000,0.537,0.5374,0.5368,0.5374,26435
816,816,1694266560000,0.5374,0.5377,0.5374,0.5375,19401
817,817,1694266620000,0.5376,0.5377,0.5375,0.5377,7249
818,818,1694266680000,0.5377,0.5377,0.536,0.5366,114463
819,819,1694266740000,0.5366,0.5374,0.5366,0.5368,19472
820,820,1694266800000,0.5368,0.5368,0.5362,0.5364,10407
821,821,1694266860000,0.5364,0.5368,0.5361,0.5364,46837
822,822,1694266920000,0.5364,0.5367,0.5363,0.5365,9721
823,823,1694266980000,0.5366,0.5372,0.5359,0.5362,63888
824,824,1694267040000,0.5363,0.5366,0.5362,0.5366,10433
825,825,1694267100000,0.5365,0.5369,0.5365,0.5368,13177
826,826,1694267160000,0.5368,0.5369,0.5365,0.5365,10464
827,827,1694267220000,0.5366,0.537,0.5366,0.5368,8032
828,828,1694267280000,0.5369,0.5369,0.5363,0.5367,18064
829,829,1694267340000,0.5367,0.5368,0.5366,0.5368,5761
830,830,1694267400000,0.5368,0.537,0.5365,0.5366,9021
831,831,1694267460000,0.5365,0.5365,0.5361,0.5365,15872
832,832,1694267520000,0.5365,0.5367,0.5362,0.5365,15118
833,833,1694267580000,0.5364,0.5368,0.5364,0.5367,13921
834,834,1694267640000,0.5367,0.537,0.5367,0.5368,11889
835,835,1694267700000,0.5367,0.537,0.5367,0.5369,8771
836,836,1694267760000,0.5368,0.5368,0.5365,0.5366,5124
837,837,1694267820000,0.5365,0.5367,0.5365,0.5367,4659
838,838,1694267880000,0.5366,0.5366,0.5364,0.5364,8609
839,839,1694267940000,0.5363,0.5368,0.5363,0.5368,4970
840,840,1694268000000,0.5366,0.5367,0.5359,0.536,19688
841,841,1694268060000,0.536,0.5362,0.536,0.5361,8431
842,842,1694268120000,0.5361,0.5361,0.5356,0.5356,14510
843,843,1694268180000,0.5355,0.5355,0.5351,0.5351,10665
844,844,1694268240000,0.5351,0.5354,0.535,0.5353,8876
845,845,1694268300000,0.5353,0.5354,0.5353,0.5353,4946
846,846,1694268360000,0.5353,0.5353,0.5353,0.5353,300
847,847,1694268420000,0.5354,0.5357,0.5354,0.5355,8578
848,848,1694268480000,0.5355,0.5355,0.5353,0.5354,6703
849,849,1694268540000,0.5354,0.5354,0.5347,0.5349,50596
850,850,1694268600000,0.535,0.5352,0.535,0.5352,8605
851,851,1694268660000,0.5351,0.5354,0.5351,0.5352,8526
852,852,1694268720000,0.5351,0.5352,0.5351,0.5352,57
853,853,1694268780000,0.5352,0.5354,0.5352,0.5353,5317
854,854,1694268840000,0.5353,0.5353,0.5351,0.5351,10657
855,855,1694268900000,0.5352,0.5357,0.5352,0.5357,15775
856,856,1694268960000,0.5357,0.536,0.5357,0.5358,12257
857,857,1694269020000,0.5358,0.5358,0.5355,0.5356,2197
858,858,1694269080000,0.5356,0.5356,0.5353,0.5353,8923
859,859,1694269140000,0.5353,0.5353,0.5353,0.5353,28
860,860,1694269200000,0.5353,0.5353,0.5347,0.5348,29621
861,861,1694269260000,0.5348,0.5349,0.5348,0.5348,1236
862,862,1694269320000,0.5348,0.535,0.5348,0.5349,14930
863,863,1694269380000,0.5349,0.535,0.5348,0.5349,4759
864,864,1694269440000,0.5349,0.535,0.5349,0.535,3863
865,865,1694269500000,0.535,0.5351,0.5348,0.5351,8541
866,866,1694269560000,0.5352,0.5355,0.5351,0.5355,8549
867,867,1694269620000,0.5354,0.5358,0.5354,0.5358,15777
868,868,1694269680000,0.5357,0.5357,0.5353,0.5355,9740
869,869,1694269740000,0.5354,0.5356,0.5354,0.5356,1199
870,870,1694269800000,0.5355,0.5356,0.5355,0.5356,929
871,871,1694269860000,0.5355,0.5355,0.5351,0.5351,2902
872,872,1694269920000,0.5352,0.5352,0.5348,0.5349,9523
873,873,1694269980000,0.5348,0.5348,0.5344,0.5345,15218
874,874,1694270040000,0.5345,0.5345,0.5344,0.5344,3697
875,875,1694270100000,0.5343,0.5347,0.5343,0.5347,12327
876,876,1694270160000,0.5346,0.5346,0.5344,0.5344,933
877,877,1694270220000,0.5345,0.5345,0.5345,0.5345,441
878,878,1694270280000,0.5346,0.5347,0.5346,0.5346,5796
879,879,1694270340000,0.5346,0.5346,0.5346,0.5346,2652
880,880,1694270400000,0.5346,0.5347,0.5345,0.5345,3653
881,881,1694270460000,0.5345,0.5345,0.5345,0.5345,3966
882,882,1694270520000,0.5344,0.5344,0.5342,0.5344,8705
883,883,1694270580000,0.5345,0.535,0.5345,0.535,11139
884,884,1694270640000,0.535,0.535,0.5348,0.5348,3594
885,885,1694270700000,0.5348,0.5351,0.5348,0.5351,6082
886,886,1694270760000,0.5352,0.5352,0.535,0.5351,2392
887,887,1694270820000,0.5352,0.5353,0.5352,0.5353,1108
888,888,1694270880000,0.5352,0.5352,0.5352,0.5352,49
889,889,1694270940000,0.5352,0.5358,0.5352,0.5356,14871
890,890,1694271000000,0.5356,0.5358,0.5356,0.5356,2659
891,891,1694271060000,0.5357,0.5359,0.5357,0.5358,3649
892,892,1694271120000,0.5358,0.5358,0.5356,0.5356,7241
893,893,1694271180000,0.5355,0.5355,0.5355,0.5355,236
894,894,1694271240000,0.5356,0.5358,0.5356,0.5357,4519
895,895,1694271300000,0.5357,0.5359,0.5355,0.5359,10624
896,896,1694271360000,0.536,0.5362,0.5358,0.5359,13587
897,897,1694271420000,0.5359,0.536,0.5359,0.536,3434
898,898,1694271480000,0.5359,0.5362,0.5359,0.5362,3268
899,899,1694271540000,0.5362,0.5362,0.5361,0.5361,2733
900,900,1694271600000,0.5362,0.5363,0.5362,0.5363,3382
901,901,1694271660000,0.5363,0.5368,0.5363,0.5368,8322
902,902,1694271720000,0.5367,0.5375,0.5364,0.5374,30971
903,903,1694271780000,0.5374,0.5381,0.5374,0.538,30528
904,904,1694271840000,0.5379,0.5389,0.5377,0.5384,24624
905,905,1694271900000,0.5384,0.5391,0.5383,0.5386,22682
906,906,1694271960000,0.5387,0.539,0.5385,0.5387,18949
907,907,1694272020000,0.5387,0.5389,0.5383,0.5385,17797
908,908,1694272080000,0.5385,0.5385,0.5381,0.5382,6077
909,909,1694272140000,0.5381,0.5381,0.5373,0.5376,12029
910,910,1694272200000,0.5377,0.5378,0.5375,0.5375,2859
911,911,1694272260000,0.5373,0.5376,0.5373,0.5375,4683
912,912,1694272320000,0.5374,0.5377,0.5374,0.5375,3506
913,913,1694272380000,0.5375,0.5376,0.5374,0.5374,2872
914,914,1694272440000,0.5375,0.5376,0.5372,0.5374,11221
915,915,1694272500000,0.5374,0.5377,0.5373,0.5377,2358
916,916,1694272560000,0.5377,0.5378,0.5377,0.5378,7389
917,917,1694272620000,0.5378,0.5379,0.5374,0.5377,22155
918,918,1694272680000,0.5378,0.538,0.5377,0.5378,2928
919,919,1694272740000,0.5378,0.5378,0.5377,0.5378,2455
920,920,1694272800000,0.5377,0.5377,0.5373,0.5376,4342
921,921,1694272860000,0.5376,0.5376,0.5374,0.5374,7651
922,922,1694272920000,0.5374,0.5374,0.5374,0.5374,996
923,923,1694272980000,0.5374,0.5374,0.5374,0.5374,0
924,924,1694273040000,0.5375,0.5375,0.5375,0.5375,104
925,925,1694273100000,0.5375,0.5377,0.5373,0.5377,9912
926,926,1694273160000,0.5376,0.538,0.5374,0.5376,31103
927,927,1694273220000,0.5376,0.5377,0.5375,0.5376,3522
928,928,1694273280000,0.5376,0.5377,0.5376,0.5377,3442
929,929,1694273340000,0.5376,0.5376,0.5374,0.5376,3747
930,930,1694273400000,0.5375,0.5377,0.5375,0.5377,1337
931,931,1694273460000,0.5377,0.5377,0.5373,0.5374,14519
932,932,1694273520000,0.5373,0.5376,0.5373,0.5375,6291
933,933,1694273580000,0.5375,0.5375,0.5374,0.5374,281
934,934,1694273640000,0.5374,0.5374,0.537,0.537,8076
935,935,1694273700000,0.5372,0.5372,0.5366,0.5371,43005
936,936,1694273760000,0.537,0.5372,0.537,0.5371,4216
937,937,1694273820000,0.5371,0.5376,0.5371,0.5376,5309
938,938,1694273880000,0.5375,0.5376,0.537,0.5374,20505
939,939,1694273940000,0.5375,0.5375,0.5373,0.5373,2736
940,940,1694274000000,0.5374,0.5377,0.5374,0.5377,5181
941,941,1694274060000,0.5377,0.538,0.5376,0.5376,18546
942,942,1694274120000,0.5375,0.5375,0.5374,0.5375,2570
943,943,1694274180000,0.5375,0.5375,0.5373,0.5373,3013
944,944,1694274240000,0.5374,0.5374,0.5374,0.5374,617
945,945,1694274300000,0.5374,0.5375,0.5374,0.5375,1646
946,946,1694274360000,0.5375,0.5375,0.5375,0.5375,13
947,947,1694274420000,0.5375,0.538,0.5375,0.5378,9947
948,948,1694274480000,0.5378,0.5378,0.5377,0.5377,1723
949,949,1694274540000,0.5378,0.5378,0.5377,0.5378,1177
950,950,1694274600000,0.5378,0.5378,0.5374,0.5376,11825
951,951,1694274660000,0.5375,0.5375,0.5375,0.5375,117
952,952,1694274720000,0.5376,0.5376,0.5376,0.5376,1802
953,953,1694274780000,0.5376,0.5376,0.5375,0.5375,1097
954,954,1694274840000,0.5374,0.5375,0.5374,0.5375,184
955,955,1694274900000,0.5374,0.5375,0.5374,0.5375,1324
956,956,1694274960000,0.5375,0.5376,0.5375,0.5376,3386
957,957,1694275020000,0.5375,0.5375,0.5372,0.5372,3417
958,958,1694275080000,0.5373,0.5375,0.537,0.5371,8416
959,959,1694275140000,0.5372,0.5374,0.5372,0.5374,2931
960,960,1694275200000,0.5373,0.5378,0.5371,0.5373,25879
961,961,1694275260000,0.5373,0.5373,0.537,0.537,5576
962,962,1694275320000,0.5368,0.5371,0.5368,0.537,9269
963,963,1694275380000,0.537,0.537,0.5365,0.5365,7700
964,964,1694275440000,0.5365,0.5365,0.5364,0.5364,3558
965,965,1694275500000,0.5363,0.537,0.5361,0.5369,29713
966,966,1694275560000,0.537,0.537,0.5369,0.5369,1305
967,967,1694275620000,0.5369,0.5369,0.5364,0.5366,12507
968,968,1694275680000,0.5366,0.5366,0.5366,0.5366,1164
969,969,1694275740000,0.5366,0.5369,0.5366,0.5369,10136
970,970,1694275800000,0.5369,0.5373,0.5369,0.5373,4476
971,971,1694275860000,0.5373,0.5375,0.5372,0.5375,1100
972,972,1694275920000,0.5375,0.5379,0.5375,0.5378,25296
973,973,1694275980000,0.5379,0.538,0.5378,0.538,7346
974,974,1694276040000,0.5379,0.5381,0.5375,0.5377,11619
975,975,1694276100000,0.5377,0.538,0.5376,0.538,22139
976,976,1694276160000,0.5379,0.538,0.5376,0.5376,14280
977,977,1694276220000,0.5375,0.5377,0.5375,0.5375,9946
978,978,1694276280000,0.5374,0.5374,0.537,0.5371,6549
979,979,1694276340000,0.5371,0.5372,0.5371,0.5372,237
980,980,1694276400000,0.5372,0.5374,0.5372,0.5373,3084
981,981,1694276460000,0.5373,0.5375,0.5373,0.5373,6841
982,982,1694276520000,0.5373,0.5373,0.5373,0.5373,649
983,983,1694276580000,0.5373,0.5374,0.5371,0.5371,5405
984,984,1694276640000,0.5372,0.5375,0.5372,0.5375,5729
985,985,1694276700000,0.5374,0.5378,0.5372,0.5376,36691
986,986,1694276760000,0.5376,0.5377,0.5375,0.5375,3291
987,987,1694276820000,0.5374,0.5377,0.5373,0.5376,4443
988,988,1694276880000,0.5376,0.5377,0.5375,0.5375,6267
989,989,1694276940000,0.5375,0.5375,0.5372,0.5372,2263
990,990,1694277000000,0.5372,0.5375,0.5371,0.5375,3812
991,991,1694277060000,0.5376,0.5378,0.5375,0.5376,18208
992,992,1694277120000,0.5375,0.5377,0.5373,0.5376,9250
993,993,1694277180000,0.5376,0.5376,0.5372,0.5372,2446
994,994,1694277240000,0.5371,0.5371,0.537,0.537,11985
995,995,1694277300000,0.537,0.537,0.5369,0.5369,4680
996,996,1694277360000,0.537,0.537,0.5366,0.5367,13093
997,997,1694277420000,0.5366,0.5366,0.5366,0.5366,266
998,998,1694277480000,0.5366,0.5367,0.5365,0.5366,4544
999,999,1694277540000,0.5365,0.5365,0.5364,0.5364,731
1000,1000,1694277600000,0.5363,0.5363,0.5361,0.5361,951
1001,1001,1694277660000,0.5361,0.5362,0.5361,0.5361,441
1002,1002,1694277720000,0.5362,0.5363,0.5362,0.5363,4699
1003,1003,1694277780000,0.5363,0.5363,0.5363,0.5363,3474
1004,1004,1694277840000,0.5363,0.5363,0.5363,0.5363,4277
1005,1005,1694277900000,0.5364,0.5364,0.5362,0.5363,5963
1006,1006,1694277960000,0.5363,0.5364,0.536,0.5363,16837
1007,1007,1694278020000,0.5365,0.5366,0.5365,0.5365,2164
1008,1008,1694278080000,0.5365,0.5366,0.5363,0.5366,5660
1009,1009,1694278140000,0.5365,0.5365,0.5362,0.5362,8101
1010,1010,1694278200000,0.5362,0.5364,0.5362,0.5364,1222
1011,1011,1694278260000,0.5364,0.5366,0.5364,0.5365,3282
1012,1012,1694278320000,0.5366,0.5369,0.5366,0.5366,11546
1013,1013,1694278380000,0.5367,0.537,0.5367,0.537,5494
1014,1014,1694278440000,0.537,0.537,0.5368,0.5368,2030
1015,1015,1694278500000,0.5369,0.5371,0.5368,0.5369,5451
1016,1016,1694278560000,0.537,0.5371,0.5368,0.5368,2248
1017,1017,1694278620000,0.5368,0.5368,0.5365,0.5366,2307
1018,1018,1694278680000,0.5365,0.5365,0.5363,0.5364,3038
1019,1019,1694278740000,0.5363,0.5366,0.5363,0.5366,574
1020,1020,1694278800000,0.5365,0.5367,0.5365,0.5366,6301
1021,1021,1694278860000,0.5366,0.5366,0.5364,0.5365,3679
1022,1022,1694278920000,0.5365,0.5365,0.536,0.536,2852
1023,1023,1694278980000,0.536,0.536,0.5353,0.5353,12226
1024,1024,1694279040000,0.5354,0.5354,0.5352,0.5352,2671
1025,1025,1694279100000,0.5352,0.5354,0.5351,0.5352,17672
1026,1026,1694279160000,0.5353,0.5355,0.5353,0.5355,25884
1027,1027,1694279220000,0.5355,0.5359,0.5355,0.5358,8986
1028,1028,1694279280000,0.5358,0.5358,0.5358,0.5358,25
1029,1029,1694279340000,0.5357,0.5358,0.5357,0.5358,3301
1030,1030,1694279400000,0.5357,0.5357,0.5355,0.5357,3521
1031,1031,1694279460000,0.5357,0.5357,0.5354,0.5356,4893
1032,1032,1694279520000,0.5355,0.5355,0.5354,0.5355,2590
1033,1033,1694279580000,0.5356,0.5357,0.5355,0.5355,11601
1034,1034,1694279640000,0.5356,0.5356,0.5355,0.5355,35
1035,1035,1694279700000,0.5355,0.5356,0.5354,0.5355,2227
1036,1036,1694279760000,0.5355,0.5357,0.5355,0.5357,4515
1037,1037,1694279820000,0.5357,0.5357,0.5357,0.5357,1990
1038,1038,1694279880000,0.5358,0.5358,0.5355,0.5355,7917
1039,1039,1694279940000,0.5355,0.5355,0.5355,0.5355,146
1040,1040,1694280000000,0.5356,0.536,0.5356,0.536,4362
1041,1041,1694280060000,0.536,0.536,0.5359,0.5359,2324
1042,1042,1694280120000,0.536,0.5363,0.536,0.5362,29183
1043,1043,1694280180000,0.5361,0.5361,0.5356,0.5357,11996
1044,1044,1694280240000,0.5357,0.5358,0.5357,0.5358,1102
1045,1045,1694280300000,0.5358,0.5359,0.5358,0.5359,1855
1046,1046,1694280360000,0.536,0.536,0.536,0.536,3669
1047,1047,1694280420000,0.5361,0.5361,0.536,0.536,5303
1048,1048,1694280480000,0.536,0.536,0.5356,0.5356,11207
1049,1049,1694280540000,0.5357,0.5359,0.5357,0.5359,10222
1050,1050,1694280600000,0.5358,0.5358,0.5353,0.5355,10850
1051,1051,1694280660000,0.5356,0.5359,0.5356,0.5356,13211
1052,1052,1694280720000,0.5357,0.5357,0.5357,0.5357,2229
1053,1053,1694280780000,0.5357,0.5357,0.5354,0.5354,5555
1054,1054,1694280840000,0.5355,0.5357,0.5355,0.5355,3242
1055,1055,1694280900000,0.5354,0.5357,0.5354,0.5357,3852
1056,1056,1694280960000,0.5357,0.536,0.5357,0.536,9361
1057,1057,1694281020000,0.536,0.5362,0.536,0.5362,9766
1058,1058,1694281080000,0.5363,0.5363,0.5362,0.5362,213
1059,1059,1694281140000,0.5363,0.5363,0.5363,0.5363,1076
1060,1060,1694281200000,0.5364,0.5366,0.5364,0.5365,12450
1061,1061,1694281260000,0.5366,0.5369,0.5366,0.5368,15574
1062,1062,1694281320000,0.5368,0.5368,0.5367,0.5367,23682
1063,1063,1694281380000,0.5368,0.5369,0.5368,0.5368,4461
1064,1064,1694281440000,0.5369,0.5369,0.5369,0.5369,459
1065,1065,1694281500000,0.5368,0.5368,0.5367,0.5368,11531
1066,1066,1694281560000,0.5367,0.5368,0.5367,0.5368,2583
1067,1067,1694281620000,0.5368,0.5368,0.5363,0.5367,28633
1068,1068,1694281680000,0.5368,0.5368,0.5367,0.5368,2800
1069,1069,1694281740000,0.5368,0.5368,0.5366,0.5366,4762
1070,1070,1694281800000,0.5367,0.5368,0.5366,0.5366,5620
1071,1071,1694281860000,0.5366,0.5367,0.5366,0.5366,3760
1072,1072,1694281920000,0.5366,0.5366,0.5366,0.5366,0
1073,1073,1694281980000,0.5366,0.5366,0.5364,0.5364,3182
1074,1074,1694282040000,0.5364,0.5365,0.536,0.536,7706
1075,1075,1694282100000,0.5361,0.5362,0.536,0.5362,4463
1076,1076,1694282160000,0.5363,0.5365,0.5363,0.5365,4117
1077,1077,1694282220000,0.5365,0.5366,0.5364,0.5365,7728
1078,1078,1694282280000,0.5366,0.5367,0.5366,0.5366,2033
1079,1079,1694282340000,0.5366,0.5366,0.5365,0.5365,835
1080,1080,1694282400000,0.5365,0.5369,0.5363,0.5368,10491
1081,1081,1694282460000,0.5367,0.537,0.5367,0.537,4436
1082,1082,1694282520000,0.5369,0.5369,0.5359,0.5359,18332
1083,1083,1694282580000,0.5358,0.5363,0.5358,0.5362,2953
1084,1084,1694282640000,0.5362,0.5364,0.5362,0.5363,685
1085,1085,1694282700000,0.5363,0.5364,0.5363,0.5364,1131
1086,1086,1694282760000,0.5364,0.5366,0.5364,0.5366,6952
1087,1087,1694282820000,0.5367,0.537,0.5367,0.537,9776
1088,1088,1694282880000,0.537,0.537,0.5364,0.5364,10579
1089,1089,1694282940000,0.5364,0.5368,0.5364,0.5368,8540
1090,1090,1694283000000,0.5366,0.5367,0.5366,0.5367,519
1091,1091,1694283060000,0.5367,0.5372,0.5367,0.5371,13591
1092,1092,1694283120000,0.537,0.537,0.5366,0.5369,5950
1093,1093,1694283180000,0.5369,0.5369,0.5368,0.5368,2230
1094,1094,1694283240000,0.5368,0.5369,0.5368,0.5369,606
1095,1095,1694283300000,0.5369,0.537,0.5366,0.537,16400
1096,1096,1694283360000,0.5369,0.5369,0.5368,0.5369,11169
1097,1097,1694283420000,0.5368,0.5368,0.5365,0.5367,8886
1098,1098,1694283480000,0.5366,0.5369,0.5366,0.5369,4887
1099,1099,1694283540000,0.5368,0.5368,0.5365,0.5366,9319
1100,1100,1694283600000,0.5366,0.5366,0.5364,0.5366,3577
1101,1101,1694283660000,0.5365,0.5365,0.5347,0.5349,72799
1102,1102,1694283720000,0.5349,0.535,0.5339,0.5347,69796
1103,1103,1694283780000,0.5347,0.5349,0.5345,0.5348,5835
1104,1104,1694283840000,0.5347,0.5348,0.5346,0.5348,6109
1105,1105,1694283900000,0.5348,0.535,0.5346,0.5348,9108
1106,1106,1694283960000,0.5348,0.5349,0.5348,0.5349,394
1107,1107,1694284020000,0.5349,0.5351,0.5349,0.535,386
1108,1108,1694284080000,0.5351,0.5351,0.535,0.535,5036
1109,1109,1694284140000,0.5351,0.5351,0.5348,0.5348,2180
1110,1110,1694284200000,0.5349,0.5351,0.5349,0.5351,4446
1111,1111,1694284260000,0.535,0.5351,0.535,0.535,5625
1112,1112,1694284320000,0.535,0.5352,0.535,0.5352,4618
1113,1113,1694284380000,0.5352,0.5352,0.5351,0.5351,4339
1114,1114,1694284440000,0.5351,0.5351,0.5351,0.5351,20
1115,1115,1694284500000,0.5351,0.5351,0.5351,0.5351,61
1116,1116,1694284560000,0.5351,0.5351,0.5351,0.5351,49
1117,1117,1694284620000,0.5352,0.5352,0.5351,0.5351,933
1118,1118,1694284680000,0.5351,0.5351,0.5346,0.5348,18210
1119,1119,1694284740000,0.5348,0.5348,0.5344,0.5344,13076
1120,1120,1694284800000,0.5346,0.5349,0.5346,0.5349,14134
1121,1121,1694284860000,0.5349,0.5349,0.5349,0.5349,2991
1122,1122,1694284920000,0.5349,0.5349,0.5348,0.5348,549
1123,1123,1694284980000,0.5349,0.535,0.5349,0.535,329
1124,1124,1694285040000,0.5349,0.5351,0.5349,0.5351,3201
1125,1125,1694285100000,0.5351,0.5351,0.5349,0.535,3948
1126,1126,1694285160000,0.535,0.535,0.535,0.535,1012
1127,1127,1694285220000,0.5351,0.5351,0.535,0.5351,5821
1128,1128,1694285280000,0.5352,0.5354,0.5352,0.5354,2752
1129,1129,1694285340000,0.5355,0.5356,0.5353,0.5355,9812
1130,1130,1694285400000,0.5356,0.536,0.5354,0.536,13648
1131,1131,1694285460000,0.5359,0.5362,0.5359,0.5362,5577
1132,1132,1694285520000,0.5362,0.5362,0.5361,0.5362,4560
1133,1133,1694285580000,0.5362,0.5362,0.536,0.536,6826
1134,1134,1694285640000,0.536,0.5361,0.536,0.5361,399
1135,1135,1694285700000,0.5361,0.5362,0.5361,0.5362,4686
1136,1136,1694285760000,0.5362,0.5364,0.5362,0.5364,5757
1137,1137,1694285820000,0.5363,0.5363,0.5362,0.5362,1769
1138,1138,1694285880000,0.5362,0.5363,0.5361,0.5361,2331
1139,1139,1694285940000,0.5362,0.5364,0.5362,0.5364,3861
1140,1140,1694286000000,0.5363,0.5363,0.5359,0.536,9556
1141,1141,1694286060000,0.536,0.5362,0.536,0.5362,1954
1142,1142,1694286120000,0.5362,0.5362,0.5361,0.5361,5120
1143,1143,1694286180000,0.536,0.5361,0.5359,0.5359,1356
1144,1144,1694286240000,0.536,0.5362,0.5352,0.5355,29487
1145,1145,1694286300000,0.5354,0.5356,0.5354,0.5356,37245
1146,1146,1694286360000,0.5356,0.5356,0.5356,0.5356,11
1147,1147,1694286420000,0.5357,0.5357,0.5356,0.5356,276
1148,1148,1694286480000,0.5357,0.5357,0.5356,0.5357,7030
1149,1149,1694286540000,0.5356,0.5359,0.5356,0.5357,34581
1150,1150,1694286600000,0.5358,0.536,0.5356,0.5357,37231
1151,1151,1694286660000,0.5357,0.5358,0.5357,0.5358,172
1152,1152,1694286720000,0.5358,0.5358,0.5355,0.5355,4781
1153,1153,1694286780000,0.5354,0.5354,0.5351,0.5351,9010
1154,1154,1694286840000,0.535,0.5352,0.535,0.5352,1787
1155,1155,1694286900000,0.5352,0.5353,0.5351,0.5353,18454
1156,1156,1694286960000,0.5353,0.5353,0.5353,0.5353,33
1157,1157,1694287020000,0.5354,0.5355,0.5354,0.5355,2463
1158,1158,1694287080000,0.5355,0.5356,0.5355,0.5355,3137
1159,1159,1694287140000,0.5355,0.5356,0.5353,0.5353,4186
1160,1160,1694287200000,0.5354,0.5356,0.5354,0.5355,1272
1161,1161,1694287260000,0.5356,0.5356,0.5355,0.5355,1218
1162,1162,1694287320000,0.5355,0.5355,0.5354,0.5354,4818
1163,1163,1694287380000,0.5354,0.5354,0.5354,0.5354,425
1164,1164,1694287440000,0.5355,0.5355,0.5355,0.5355,250
1165,1165,1694287500000,0.5355,0.5358,0.5354,0.5358,6460
1166,1166,1694287560000,0.5358,0.5358,0.5358,0.5358,21
1167,1167,1694287620000,0.5358,0.5358,0.5358,0.5358,515
1168,1168,1694287680000,0.5358,0.5358,0.5357,0.5358,5865
1169,1169,1694287740000,0.5357,0.5358,0.5356,0.5357,1664
1170,1170,1694287800000,0.5356,0.5356,0.5353,0.5356,7519
1171,1171,1694287860000,0.5357,0.5359,0.5354,0.5357,15103
1172,1172,1694287920000,0.5357,0.5359,0.5357,0.5359,774
1173,1173,1694287980000,0.5358,0.5358,0.5358,0.5358,656
1174,1174,1694288040000,0.5359,0.5359,0.5358,0.5358,293
1175,1175,1694288100000,0.5359,0.536,0.5359,0.536,6224
1176,1176,1694288160000,0.536,0.536,0.5359,0.5359,4888
1177,1177,1694288220000,0.5359,0.5359,0.5359,0.5359,171
1178,1178,1694288280000,0.5359,0.536,0.5358,0.5358,7149
1179,1179,1694288340000,0.5357,0.5357,0.5355,0.5355,2309
1180,1180,1694288400000,0.5355,0.5356,0.5355,0.5356,3417
1181,1181,1694288460000,0.5357,0.5361,0.5357,0.536,18491
1182,1182,1694288520000,0.536,0.536,0.536,0.536,61
1183,1183,1694288580000,0.5361,0.5362,0.5361,0.5362,1496
1184,1184,1694288640000,0.5362,0.5363,0.5362,0.5363,737
1185,1185,1694288700000,0.5363,0.5366,0.5363,0.5364,7288
1186,1186,1694288760000,0.5364,0.5364,0.5364,0.5364,6211
1187,1187,1694288820000,0.5364,0.5364,0.5364,0.5364,1479
1188,1188,1694288880000,0.5365,0.5365,0.5362,0.5363,14293
1189,1189,1694288940000,0.5364,0.5364,0.5364,0.5364,104
1190,1190,1694289000000,0.5363,0.5364,0.5363,0.5364,1818
1191,1191,1694289060000,0.5363,0.5364,0.5363,0.5364,1396
1192,1192,1694289120000,0.5365,0.5368,0.5365,0.5368,7683
1193,1193,1694289180000,0.5369,0.537,0.5369,0.537,797
1194,1194,1694289240000,0.5369,0.5371,0.5369,0.5371,1849
1195,1195,1694289300000,0.5371,0.5374,0.5371,0.5374,2920
1196,1196,1694289360000,0.5373,0.5373,0.5373,0.5373,6471
1197,1197,1694289420000,0.5372,0.5372,0.537,0.5371,4469
1198,1198,1694289480000,0.5372,0.5374,0.5372,0.5373,1467
1199,1199,1694289540000,0.5373,0.5373,0.5373,0.5373,94
1200,1200,1694289600000,0.5373,0.5374,0.5373,0.5373,1223
1201,1201,1694289660000,0.5374,0.5378,0.5374,0.5375,35022
1202,1202,1694289720000,0.5374,0.5375,0.5374,0.5375,1861
1203,1203,1694289780000,0.5375,0.5375,0.5373,0.5374,5976
1204,1204,1694289840000,0.5373,0.5374,0.5372,0.5372,3978
1205,1205,1694289900000,0.5372,0.5373,0.5372,0.5372,1426
1206,1206,1694289960000,0.5373,0.5375,0.5373,0.5375,3129
1207,1207,1694290020000,0.5374,0.5375,0.5374,0.5374,145
1208,1208,1694290080000,0.5374,0.5375,0.5374,0.5374,206
1209,1209,1694290140000,0.5375,0.5375,0.5372,0.5372,7801
1210,1210,1694290200000,0.5372,0.5375,0.5372,0.5373,9409
1211,1211,1694290260000,0.5373,0.5373,0.5373,0.5373,157
1212,1212,1694290320000,0.5373,0.5374,0.5373,0.5374,175
1213,1213,1694290380000,0.5373,0.5374,0.5373,0.5374,5470
1214,1214,1694290440000,0.5374,0.5374,0.5374,0.5374,190
1215,1215,1694290500000,0.5374,0.5375,0.5372,0.5375,10369
1216,1216,1694290560000,0.5375,0.5375,0.5374,0.5374,4555
1217,1217,1694290620000,0.5375,0.5375,0.5375,0.5375,16
1218,1218,1694290680000,0.5375,0.5377,0.5374,0.5375,5734
1219,1219,1694290740000,0.5375,0.5375,0.5373,0.5373,5893
1220,1220,1694290800000,0.5372,0.5376,0.5372,0.5376,6561
1221,1221,1694290860000,0.5376,0.5379,0.5376,0.5377,17889
1222,1222,1694290920000,0.5377,0.5377,0.5377,0.5377,1294
1223,1223,1694290980000,0.5377,0.5377,0.5377,0.5377,0
1224,1224,1694291040000,0.5376,0.5376,0.5376,0.5376,4265
1225,1225,1694291100000,0.5375,0.5376,0.5374,0.5376,8443
1226,1226,1694291160000,0.5376,0.5376,0.5376,0.5376,889
1227,1227,1694291220000,0.5377,0.5377,0.5376,0.5376,4446
1228,1228,1694291280000,0.5377,0.5377,0.5377,0.5377,98
1229,1229,1694291340000,0.5376,0.5377,0.5374,0.5374,14129
1230,1230,1694291400000,0.5374,0.5375,0.5374,0.5374,397
1231,1231,1694291460000,0.5375,0.5376,0.5374,0.5374,6554
1232,1232,1694291520000,0.5375,0.5375,0.5374,0.5374,123
1233,1233,1694291580000,0.5375,0.5375,0.5374,0.5375,82
1234,1234,1694291640000,0.5374,0.5374,0.5373,0.5373,7365
1235,1235,1694291700000,0.5373,0.5374,0.5372,0.5373,6764
1236,1236,1694291760000,0.5374,0.5375,0.5374,0.5375,6699
1237,1237,1694291820000,0.5375,0.5376,0.5375,0.5376,577
1238,1238,1694291880000,0.5376,0.5376,0.5375,0.5375,3981
1239,1239,1694291940000,0.5376,0.5376,0.5375,0.5375,1115
1240,1240,1694292000000,0.5375,0.5375,0.5371,0.5374,7151
1241,1241,1694292060000,0.5373,0.5375,0.5373,0.5375,3733
1242,1242,1694292120000,0.5375,0.5375,0.5375,0.5375,0
1243,1243,1694292180000,0.5375,0.5377,0.5375,0.5377,4473
1244,1244,1694292240000,0.5376,0.5376,0.5376,0.5376,2151
1245,1245,1694292300000,0.5376,0.5377,0.5376,0.5377,819
1246,1246,1694292360000,0.5377,0.5384,0.5377,0.5381,62778
1247,1247,1694292420000,0.5381,0.5382,0.5381,0.5381,1554
1248,1248,1694292480000,0.5381,0.5381,0.5381,0.5381,150
1249,1249,1694292540000,0.5381,0.5381,0.538,0.538,15042
1250,1250,1694292600000,0.5379,0.5379,0.5378,0.5378,331
1251,1251,1694292660000,0.5378,0.5378,0.5378,0.5378,0
1252,1252,1694292720000,0.5378,0.5379,0.5378,0.5379,1024
1253,1253,1694292780000,0.5379,0.5379,0.5379,0.5379,104
1254,1254,1694292840000,0.5379,0.5379,0.5379,0.5379,0
1255,1255,1694292900000,0.5378,0.5378,0.5378,0.5378,44
1256,1256,1694292960000,0.5378,0.5378,0.5378,0.5378,0
1257,1257,1694293020000,0.5378,0.5378,0.5378,0.5378,0
1258,1258,1694293080000,0.5378,0.5378,0.5378,0.5378,19
1259,1259,1694293140000,0.5378,0.5378,0.5377,0.5377,14086
1260,1260,1694293200000,0.5377,0.5377,0.5376,0.5376,5487
1261,1261,1694293260000,0.5376,0.5379,0.5376,0.5379,5923
1262,1262,1694293320000,0.5378,0.5378,0.5373,0.5373,17299
1263,1263,1694293380000,0.5373,0.5374,0.5373,0.5374,244
1264,1264,1694293440000,0.5374,0.5374,0.5374,0.5374,0
1265,1265,1694293500000,0.5373,0.5374,0.5373,0.5373,356
1266,1266,1694293560000,0.5374,0.5374,0.5371,0.5373,7159
1267,1267,1694293620000,0.5374,0.5375,0.5373,0.5375,487
1268,1268,1694293680000,0.5374,0.5375,0.5374,0.5375,605
1269,1269,1694293740000,0.5374,0.5375,0.5374,0.5374,199
1270,1270,1694293800000,0.5375,0.5376,0.5372,0.5375,11771
1271,1271,1694293860000,0.5375,0.5376,0.5375,0.5376,4111
1272,1272,1694293920000,0.5377,0.538,0.5377,0.538,6934
1273,1273,1694293980000,0.5381,0.5388,0.5381,0.5388,79860
1274,1274,1694294040000,0.5388,0.5392,0.5388,0.5392,22440
1275,1275,1694294100000,0.5392,0.5392,0.5389,0.5391,6203
1276,1276,1694294160000,0.5391,0.5391,0.5388,0.5388,4349
1277,1277,1694294220000,0.5389,0.5394,0.5389,0.5391,15910
1278,1278,1694294280000,0.5392,0.5394,0.5392,0.5392,5234
1279,1279,1694294340000,0.5392,0.5392,0.5391,0.5392,2711
1280,1280,1694294400000,0.5391,0.5392,0.5391,0.5392,1072
1281,1281,1694294460000,0.5392,0.5392,0.5391,0.5392,112
1282,1282,1694294520000,0.5392,0.5392,0.5392,0.5392,40
1283,1283,1694294580000,0.5392,0.5392,0.5392,0.5392,1090
1284,1284,1694294640000,0.5392,0.5393,0.5392,0.5393,1842
1285,1285,1694294700000,0.5392,0.5394,0.5392,0.5394,2501
1286,1286,1694294760000,0.5394,0.5394,0.5394,0.5394,0
1287,1287,1694294820000,0.5394,0.5394,0.5394,0.5394,763
1288,1288,1694294880000,0.5394,0.5394,0.5389,0.539,25599
1289,1289,1694294940000,0.539,0.5392,0.5389,0.5392,15015
1290,1290,1694295000000,0.5391,0.5391,0.539,0.539,1763
1291,1291,1694295060000,0.539,0.539,0.539,0.539,86
1292,1292,1694295120000,0.539,0.539,0.539,0.539,1659
1293,1293,1694295180000,0.5388,0.5391,0.5388,0.5391,12247
1294,1294,1694295240000,0.5391,0.5391,0.5391,0.5391,2726
1295,1295,1694295300000,0.539,0.539,0.5384,0.5385,13681
1296,1296,1694295360000,0.5386,0.5386,0.5386,0.5386,1027
1297,1297,1694295420000,0.5386,0.5386,0.5386,0.5386,0
1298,1298,1694295480000,0.5386,0.5386,0.5385,0.5386,34
1299,1299,1694295540000,0.5386,0.5386,0.5386,0.5386,0
1300,1300,1694295600000,0.5386,0.539,0.5386,0.539,13669
1301,1301,1694295660000,0.539,0.5392,0.539,0.5392,1725
1302,1302,1694295720000,0.5391,0.5391,0.5391,0.5391,163
1303,1303,1694295780000,0.5391,0.5391,0.539,0.539,6014
1304,1304,1694295840000,0.5389,0.5392,0.5387,0.5388,18235
1305,1305,1694295900000,0.5388,0.5388,0.5388,0.5388,353
1306,1306,1694295960000,0.5389,0.5391,0.5388,0.5389,5621
1307,1307,1694296020000,0.5388,0.5389,0.5385,0.5386,7015
1308,1308,1694296080000,0.5388,0.5388,0.5388,0.5388,102
1309,1309,1694296140000,0.5388,0.5388,0.5388,0.5388,0
1310,1310,1694296200000,0.5388,0.5388,0.5387,0.5388,1026
1311,1311,1694296260000,0.5388,0.5389,0.5388,0.5389,1618
1312,1312,1694296320000,0.5389,0.539,0.5389,0.539,2461
1313,1313,1694296380000,0.539,0.539,0.5389,0.5389,772
1314,1314,1694296440000,0.539,0.5391,0.539,0.5391,3718
1315,1315,1694296500000,0.5391,0.5394,0.5391,0.5393,9715
1316,1316,1694296560000,0.5394,0.5397,0.5394,0.5397,7439
1317,1317,1694296620000,0.5397,0.5398,0.5396,0.5396,3354
1318,1318,1694296680000,0.5396,0.5396,0.5396,0.5396,0
1319,1319,1694296740000,0.5396,0.5399,0.5396,0.5398,5009
1320,1320,1694296800000,0.5398,0.5398,0.5396,0.5397,5702
1321,1321,1694296860000,0.5397,0.5398,0.5397,0.5397,354
1322,1322,1694296920000,0.5398,0.5398,0.5395,0.5395,4623
1323,1323,1694296980000,0.5395,0.5395,0.5394,0.5394,2365
1324,1324,1694297040000,0.5394,0.5396,0.5394,0.5395,4058
1325,1325,1694297100000,0.5395,0.5395,0.5393,0.5394,2886
1326,1326,1694297160000,0.5395,0.5399,0.5395,0.5397,7372
1327,1327,1694297220000,0.5397,0.5397,0.5394,0.5394,3739
1328,1328,1694297280000,0.5393,0.5394,0.5393,0.5394,597
1329,1329,1694297340000,0.5394,0.5395,0.5394,0.5395,31
1330,1330,1694297400000,0.5394,0.5398,0.5394,0.5397,4883
1331,1331,1694297460000,0.5397,0.5398,0.5396,0.5398,1837
1332,1332,1694297520000,0.5399,0.5399,0.5398,0.5399,719
1333,1333,1694297580000,0.5399,0.5404,0.5399,0.5404,15246
1334,1334,1694297640000,0.5405,0.541,0.5405,0.5409,24498
1335,1335,1694297700000,0.5409,0.5409,0.5407,0.5407,5256
1336,1336,1694297760000,0.5407,0.5407,0.5406,0.5406,1601
1337,1337,1694297820000,0.5406,0.5406,0.5404,0.5405,10527
1338,1338,1694297880000,0.5404,0.5404,0.5403,0.5403,163
1339,1339,1694297940000,0.5402,0.5402,0.5398,0.5398,3238
1340,1340,1694298000000,0.5398,0.5399,0.5398,0.5399,243
1341,1341,1694298060000,0.5398,0.5399,0.5398,0.5399,736
1342,1342,1694298120000,0.5398,0.5398,0.5394,0.5394,11883
1343,1343,1694298180000,0.5393,0.5393,0.5391,0.5392,2628
1344,1344,1694298240000,0.5393,0.5394,0.5393,0.5394,5117
1345,1345,1694298300000,0.5393,0.5394,0.5393,0.5394,55
1346,1346,1694298360000,0.5394,0.5394,0.5394,0.5394,0
1347,1347,1694298420000,0.5393,0.5394,0.5393,0.5393,128
1348,1348,1694298480000,0.5394,0.5395,0.5394,0.5395,2228
1349,1349,1694298540000,0.5396,0.54,0.5396,0.54,6018
1350,1350,1694298600000,0.54,0.54,0.5399,0.5399,2288
1351,1351,1694298660000,0.54,0.5401,0.54,0.5401,9484
1352,1352,1694298720000,0.54,0.54,0.5399,0.5399,591
1353,1353,1694298780000,0.5399,0.541,0.5399,0.5408,15209
1354,1354,1694298840000,0.5409,0.541,0.5408,0.5408,7941
1355,1355,1694298900000,0.5408,0.5408,0.5404,0.5405,7113
1356,1356,1694298960000,0.5405,0.5405,0.5405,0.5405,1749
1357,1357,1694299020000,0.5405,0.5405,0.5404,0.5404,3554
1358,1358,1694299080000,0.5405,0.5406,0.5403,0.5403,8747
1359,1359,1694299140000,0.5402,0.5403,0.5402,0.5403,1602
1360,1360,1694299200000,0.5403,0.5405,0.5403,0.5405,1587
1361,1361,1694299260000,0.5406,0.5406,0.5401,0.5402,11772
1362,1362,1694299320000,0.5402,0.5403,0.5402,0.5403,2961
1363,1363,1694299380000,0.5403,0.5404,0.5403,0.5404,2572
1364,1364,1694299440000,0.5404,0.5406,0.5403,0.5405,7374
1365,1365,1694299500000,0.5406,0.5408,0.5406,0.5408,10273
1366,1366,1694299560000,0.5408,0.5408,0.5408,0.5408,1158
1367,1367,1694299620000,0.5409,0.5409,0.5408,0.5409,3466
1368,1368,1694299680000,0.5408,0.5408,0.5406,0.5408,4088
1369,1369,1694299740000,0.5408,0.541,0.5408,0.541,8100
1370,1370,1694299800000,0.5409,0.5409,0.5405,0.5408,26150
1371,1371,1694299860000,0.5408,0.541,0.5408,0.541,8351
1372,1372,1694299920000,0.541,0.541,0.541,0.541,1227
1373,1373,1694299980000,0.5409,0.5409,0.5409,0.5409,1854
1374,1374,1694300040000,0.541,0.5411,0.541,0.5411,4266
1375,1375,1694300100000,0.5412,0.5412,0.5411,0.5412,3367
1376,1376,1694300160000,0.5412,0.5412,0.5412,0.5412,5397
1377,1377,1694300220000,0.5411,0.5411,0.5409,0.5409,2048
1378,1378,1694300280000,0.5409,0.5409,0.5409,0.5409,81
1379,1379,1694300340000,0.5409,0.5409,0.5405,0.5405,8416
1380,1380,1694300400000,0.5405,0.5405,0.5401,0.5402,13198
1381,1381,1694300460000,0.5401,0.5405,0.5399,0.5403,16200
1382,1382,1694300520000,0.5402,0.5403,0.5399,0.5399,1203
1383,1383,1694300580000,0.5399,0.5401,0.5399,0.5399,7377
1384,1384,1694300640000,0.5401,0.5401,0.5399,0.5399,2518
1385,1385,1694300700000,0.54,0.54,0.5399,0.5399,240
1386,1386,1694300760000,0.54,0.5401,0.54,0.5401,1245
1387,1387,1694300820000,0.54,0.5402,0.54,0.5402,1947
1388,1388,1694300880000,0.5402,0.5403,0.5402,0.5402,682
1389,1389,1694300940000,0.5402,0.5402,0.5402,0.5402,186
1390,1390,1694301000000,0.5402,0.5402,0.54,0.54,1999
1391,1391,1694301060000,0.5399,0.5399,0.5395,0.5396,22974
1392,1392,1694301120000,0.5396,0.5397,0.5396,0.5397,1994
1393,1393,1694301180000,0.5397,0.5397,0.5397,0.5397,0
1394,1394,1694301240000,0.5397,0.5399,0.5397,0.5398,4165
1395,1395,1694301300000,0.5398,0.5399,0.5398,0.5399,43
1396,1396,1694301360000,0.5398,0.5398,0.5395,0.5395,8945
1397,1397,1694301420000,0.5395,0.5395,0.5394,0.5395,3523
1398,1398,1694301480000,0.5395,0.5397,0.5395,0.5396,4780
1399,1399,1694301540000,0.5395,0.5396,0.5394,0.5395,2891
1400,1400,1694301600000,0.5395,0.5395,0.5394,0.5395,146
1401,1401,1694301660000,0.5395,0.5397,0.5391,0.5391,9083
1402,1402,1694301720000,0.5392,0.5392,0.539,0.5391,3047
1403,1403,1694301780000,0.5391,0.5391,0.5391,0.5391,3008
1404,1404,1694301840000,0.5392,0.5392,0.5391,0.5391,1797
1405,1405,1694301900000,0.5391,0.5391,0.5389,0.5389,3337
1406,1406,1694301960000,0.539,0.5392,0.539,0.5391,2288
1407,1407,1694302020000,0.5391,0.5391,0.539,0.539,1225
1408,1408,1694302080000,0.5389,0.5391,0.5388,0.539,6545
1409,1409,1694302140000,0.539,0.539,0.5388,0.539,2317
1410,1410,1694302200000,0.5389,0.5391,0.5388,0.539,3991
1411,1411,1694302260000,0.5391,0.5393,0.5391,0.5393,6727
1412,1412,1694302320000,0.5393,0.5397,0.5393,0.5397,3457
1413,1413,1694302380000,0.5397,0.54,0.5396,0.5396,21609
1414,1414,1694302440000,0.5395,0.5395,0.5395,0.5395,104
1415,1415,1694302500000,0.5395,0.5395,0.5393,0.5394,2754
1416,1416,1694302560000,0.5395,0.5395,0.5395,0.5395,65
1417,1417,1694302620000,0.5395,0.5395,0.5395,0.5395,4080
1418,1418,1694302680000,0.5394,0.5394,0.5394,0.5394,191
1419,1419,1694302740000,0.5394,0.5394,0.5394,0.5394,2637
1420,1420,1694302800000,0.5394,0.5394,0.5394,0.5394,12
1421,1421,1694302860000,0.5395,0.5396,0.5395,0.5396,1952
1422,1422,1694302920000,0.5396,0.5396,0.5396,0.5396,0
1423,1423,1694302980000,0.5396,0.5396,0.5396,0.5396,0
1424,1424,1694303040000,0.5396,0.5396,0.5396,0.5396,83
1425,1425,1694303100000,0.5397,0.5398,0.5395,0.5397,14291
1426,1426,1694303160000,0.5397,0.5399,0.5397,0.5399,2944
1427,1427,1694303220000,0.5399,0.5399,0.5399,0.5399,7406
1428,1428,1694303280000,0.5397,0.5397,0.5396,0.5396,2114
1429,1429,1694303340000,0.5396,0.5396,0.5395,0.5395,1811
1430,1430,1694303400000,0.5394,0.5395,0.5394,0.5395,1213
1431,1431,1694303460000,0.5394,0.5396,0.5393,0.5396,6092
1432,1432,1694303520000,0.5396,0.5399,0.5396,0.5399,2953
1433,1433,1694303580000,0.5398,0.5401,0.5398,0.5399,4424
1434,1434,1694303640000,0.5399,0.5399,0.5399,0.5399,1491
1435,1435,1694303700000,0.54,0.5401,0.54,0.54,1601
1436,1436,1694303760000,0.54,0.54,0.54,0.54,96
1437,1437,1694303820000,0.54,0.54,0.5395,0.5395,5832
1438,1438,1694303880000,0.5395,0.5395,0.5395,0.5395,726
1439,1439,1694303940000,0.5396,0.5398,0.5395,0.5397,14924
